0.02	0.850736	 0.246857
0.02	0.870904	 0.244278
0.02	0.891073	 0.241488
0.02	0.911242	 0.238488
0.02	0.93141	 0.235277
0.02	0.951579	 0.231854
0.02	0.971748	 0.228219
0.02	0.991917	 0.224372
0.02	1.01209	 0.220313
0.02	1.03225	 0.21604
0.02	1.05242	 0.211554
0.02	1.07259	 0.206855
0.02	1.09276	 0.201941
0.02	1.11293	 0.196813
0.02	1.1331	 0.19147
0.02	1.15327	 0.185912
0.02	1.17344	 0.180139
0.02	1.1936	 0.174149
0.02	1.21377	 0.167944
0.02	1.23394	 0.161567
0.02	1.25411	 0.155856
0.02	1.27428	 0.153352
0.02	1.29445	 0.154463
0.02	1.31462	 0.155
0.02	1.33478	 0.155
0.02	1.35495	 0.155
0.02	1.37512	 0.155
0.02	1.39529	 0.155
0.02	1.41546	 0.155
0.02	1.43563	 0.155
0.02	1.4558	 0.155
0.02	1.47597	 0.155
0.02	1.49613	 0.155
0.02	1.5163	 0.155
0.02	1.53647	 0.155
0.02	1.55664	 0.155
0.02	1.57681	 0.155
0.02	1.59698	 0.155
0.02	1.61715	 0.155
0.02	1.63732	 0.155
0.02	1.65748	 0.155
0.02	1.67765	 0.155
0.02	1.69782	 0.155
0.02	1.71799	 0.155
0.02	1.73816	 0.155
0.02	1.75833	 0.155
0.02	1.7785	 0.155
0.02	1.79867	 0.155
0.02	1.81883	 0.155
0.02	1.839	 0.155
0.186667	0.850736	 0.235388
0.186667	0.870904	 0.231893
0.186667	0.891073	 0.228166
0.186667	0.911242	 0.224208
0.186667	0.93141	 0.220021
0.186667	0.951579	 0.215606
0.186667	0.971748	 0.210968
0.186667	0.991917	 0.206106
0.186667	1.01209	 0.201024
0.186667	1.03225	 0.195723
0.186667	1.05242	 0.190206
0.186667	1.07259	 0.184474
0.186667	1.09276	 0.17853
0.186667	1.11293	 0.172376
0.186667	1.1331	 0.166013
0.186667	1.15327	 0.159445
0.186667	1.17344	 0.152673
0.186667	1.1936	 0.1457
0.186667	1.21377	 0.13853
0.186667	1.23394	 0.131323
0.186667	1.25411	 0.124671
0.186667	1.27428	 0.119236
0.186667	1.29445	 0.115355
0.186667	1.31462	 0.113136
0.186667	1.33478	 0.11209
0.186667	1.35495	 0.111375
0.186667	1.37512	 0.110984
0.186667	1.39529	 0.110834
0.186667	1.41546	 0.110826
0.186667	1.43563	 0.110826
0.186667	1.4558	 0.110826
0.186667	1.47597	 0.110826
0.186667	1.49613	 0.110826
0.186667	1.5163	 0.110826
0.186667	1.53647	 0.110826
0.186667	1.55664	 0.110826
0.186667	1.57681	 0.110826
0.186667	1.59698	 0.110826
0.186667	1.61715	 0.110826
0.186667	1.63732	 0.110826
0.186667	1.65748	 0.110826
0.186667	1.67765	 0.110826
0.186667	1.69782	 0.110826
0.186667	1.71799	 0.110826
0.186667	1.73816	 0.110826
0.186667	1.75833	 0.110826
0.186667	1.7785	 0.110826
0.186667	1.79867	 0.110826
0.186667	1.81883	 0.110826
0.186667	1.839	 0.110826
0.353333	0.850736	 0.23068
0.353333	0.870904	 0.2272
0.353333	0.891073	 0.223511
0.353333	0.911242	 0.219616
0.353333	0.93141	 0.215518
0.353333	0.951579	 0.211219
0.353333	0.971748	 0.206722
0.353333	0.991917	 0.202029
0.353333	1.01209	 0.197144
0.353333	1.03225	 0.192067
0.353333	1.05242	 0.186803
0.353333	1.07259	 0.181353
0.353333	1.09276	 0.175721
0.353333	1.11293	 0.169913
0.353333	1.1331	 0.163943
0.353333	1.15327	 0.157825
0.353333	1.17344	 0.151572
0.353333	1.1936	 0.145204
0.353333	1.21377	 0.138801
0.353333	1.23394	 0.132595
0.353333	1.25411	 0.126925
0.353333	1.27428	 0.122118
0.353333	1.29445	 0.118354
0.353333	1.31462	 0.11571
0.353333	1.33478	 0.114159
0.353333	1.35495	 0.113374
0.353333	1.37512	 0.112933
0.353333	1.39529	 0.112722
0.353333	1.41546	 0.112634
0.353333	1.43563	 0.112484
0.353333	1.4558	 0.112346
0.353333	1.47597	 0.112305
0.353333	1.49613	 0.112305
0.353333	1.5163	 0.112305
0.353333	1.53647	 0.112305
0.353333	1.55664	 0.112305
0.353333	1.57681	 0.112305
0.353333	1.59698	 0.112305
0.353333	1.61715	 0.112305
0.353333	1.63732	 0.112305
0.353333	1.65748	 0.112305
0.353333	1.67765	 0.112305
0.353333	1.69782	 0.112305
0.353333	1.71799	 0.112305
0.353333	1.73816	 0.112305
0.353333	1.75833	 0.112305
0.353333	1.7785	 0.112305
0.353333	1.79867	 0.112305
0.353333	1.81883	 0.112305
0.353333	1.839	 0.112305
0.52	0.850736	 0.227175
0.52	0.870904	 0.223753
0.52	0.891073	 0.220139
0.52	0.911242	 0.216335
0.52	0.93141	 0.212345
0.52	0.951579	 0.20817
0.52	0.971748	 0.203815
0.52	0.991917	 0.19928
0.52	1.01209	 0.19457
0.52	1.03225	 0.189686
0.52	1.05242	 0.184633
0.52	1.07259	 0.179412
0.52	1.09276	 0.174028
0.52	1.11293	 0.168493
0.52	1.1331	 0.162828
0.52	1.15327	 0.157052
0.52	1.17344	 0.151187
0.52	1.1936	 0.145262
0.52	1.21377	 0.139408
0.52	1.23394	 0.133833
0.52	1.25411	 0.128751
0.52	1.27428	 0.124367
0.52	1.29445	 0.120786
0.52	1.31462	 0.118032
0.52	1.33478	 0.116126
0.52	1.35495	 0.115058
0.52	1.37512	 0.114613
0.52	1.39529	 0.114478
0.52	1.41546	 0.114343
0.52	1.43563	 0.114118
0.52	1.4558	 0.113907
0.52	1.47597	 0.113828
0.52	1.49613	 0.113807
0.52	1.5163	 0.11379
0.52	1.53647	 0.113785
0.52	1.55664	 0.113785
0.52	1.57681	 0.113785
0.52	1.59698	 0.113785
0.52	1.61715	 0.113785
0.52	1.63732	 0.113785
0.52	1.65748	 0.113785
0.52	1.67765	 0.113785
0.52	1.69782	 0.113785
0.52	1.71799	 0.113785
0.52	1.73816	 0.113785
0.52	1.75833	 0.113785
0.52	1.7785	 0.113785
0.52	1.79867	 0.113785
0.52	1.81883	 0.113785
0.52	1.839	 0.113785
0.686667	0.850736	 0.22123
0.686667	0.870904	 0.217971
0.686667	0.891073	 0.214541
0.686667	0.911242	 0.210941
0.686667	0.93141	 0.207176
0.686667	0.951579	 0.203247
0.686667	0.971748	 0.199158
0.686667	0.991917	 0.194911
0.686667	1.01209	 0.190509
0.686667	1.03225	 0.185955
0.686667	1.05242	 0.181253
0.686667	1.07259	 0.176408
0.686667	1.09276	 0.171434
0.686667	1.11293	 0.166347
0.686667	1.1331	 0.161164
0.686667	1.15327	 0.155902
0.686667	1.17344	 0.15058
0.686667	1.1936	 0.145249
0.686667	1.21377	 0.140041
0.686667	1.23394	 0.135106
0.686667	1.25411	 0.130595
0.686667	1.27428	 0.126658
0.686667	1.29445	 0.123366
0.686667	1.31462	 0.120722
0.686667	1.33478	 0.118721
0.686667	1.35495	 0.117354
0.686667	1.37512	 0.116565
0.686667	1.39529	 0.116202
0.686667	1.41546	 0.116071
0.686667	1.43563	 0.116017
0.686667	1.4558	 0.115935
0.686667	1.47597	 0.115801
0.686667	1.49613	 0.115653
0.686667	1.5163	 0.115535
0.686667	1.53647	 0.115502
0.686667	1.55664	 0.115502
0.686667	1.57681	 0.115502
0.686667	1.59698	 0.115502
0.686667	1.61715	 0.115502
0.686667	1.63732	 0.115502
0.686667	1.65748	 0.115502
0.686667	1.67765	 0.115502
0.686667	1.69782	 0.115502
0.686667	1.71799	 0.115502
0.686667	1.73816	 0.115502
0.686667	1.75833	 0.115502
0.686667	1.7785	 0.115502
0.686667	1.79867	 0.115502
0.686667	1.81883	 0.115502
0.686667	1.839	 0.115502
0.853333	0.850736	 0.216843
0.853333	0.870904	 0.21372
0.853333	0.891073	 0.210442
0.853333	0.911242	 0.207011
0.853333	0.93141	 0.20343
0.853333	0.951579	 0.199702
0.853333	0.971748	 0.19583
0.853333	0.991917	 0.191817
0.853333	1.01209	 0.187666
0.853333	1.03225	 0.183381
0.853333	1.05242	 0.178967
0.853333	1.07259	 0.174433
0.853333	1.09276	 0.169795
0.853333	1.11293	 0.165065
0.853333	1.1331	 0.160257
0.853333	1.15327	 0.155387
0.853333	1.17344	 0.150474
0.853333	1.1936	 0.145588
0.853333	1.21377	 0.140844
0.853333	1.23394	 0.136361
0.853333	1.25411	 0.132257
0.853333	1.27428	 0.128649
0.853333	1.29445	 0.125595
0.853333	1.31462	 0.123081
0.853333	1.33478	 0.12109
0.853333	1.35495	 0.119604
0.853333	1.37512	 0.118602
0.853333	1.39529	 0.118014
0.853333	1.41546	 0.117727
0.853333	1.43563	 0.117611
0.853333	1.4558	 0.117541
0.853333	1.47597	 0.117442
0.853333	1.49613	 0.117308
0.853333	1.5163	 0.117164
0.853333	1.53647	 0.117062
0.853333	1.55664	 0.116988
0.853333	1.57681	 0.116942
0.853333	1.59698	 0.116935
0.853333	1.61715	 0.116935
0.853333	1.63732	 0.116935
0.853333	1.65748	 0.116935
0.853333	1.67765	 0.116935
0.853333	1.69782	 0.116935
0.853333	1.71799	 0.116935
0.853333	1.73816	 0.116935
0.853333	1.75833	 0.116935
0.853333	1.7785	 0.116935
0.853333	1.79867	 0.116935
0.853333	1.81883	 0.116935
0.853333	1.839	 0.116935
1.02	0.850736	 0.213144
1.02	0.870904	 0.210141
1.02	0.891073	 0.206995
1.02	0.911242	 0.203709
1.02	0.93141	 0.200287
1.02	0.951579	 0.196731
1.02	0.971748	 0.193044
1.02	0.991917	 0.189231
1.02	1.01209	 0.185293
1.02	1.03225	 0.181235
1.02	1.05242	 0.177066
1.02	1.07259	 0.172798
1.02	1.09276	 0.168442
1.02	1.11293	 0.164009
1.02	1.1331	 0.159511
1.02	1.15327	 0.154961
1.02	1.17344	 0.15038
1.02	1.1936	 0.145851
1.02	1.21377	 0.14147
1.02	1.23394	 0.137335
1.02	1.25411	 0.133544
1.02	1.27428	 0.130194
1.02	1.29445	 0.127334
1.02	1.31462	 0.124944
1.02	1.33478	 0.122996
1.02	1.35495	 0.121466
1.02	1.37512	 0.120328
1.02	1.39529	 0.119553
1.02	1.41546	 0.119082
1.02	1.43563	 0.118833
1.02	1.4558	 0.11872
1.02	1.47597	 0.118658
1.02	1.49613	 0.118565
1.02	1.5163	 0.118419
1.02	1.53647	 0.118254
1.02	1.55664	 0.118103
1.02	1.57681	 0.118004
1.02	1.59698	 0.11798
1.02	1.61715	 0.117969
1.02	1.63732	 0.117961
1.02	1.65748	 0.117955
1.02	1.67765	 0.117953
1.02	1.69782	 0.117953
1.02	1.71799	 0.117953
1.02	1.73816	 0.117953
1.02	1.75833	 0.117953
1.02	1.7785	 0.117953
1.02	1.79867	 0.117953
1.02	1.81883	 0.117953
1.02	1.839	 0.117953
1.18667	0.850736	 0.208269
1.18667	0.870904	 0.205406
1.18667	0.891073	 0.202412
1.18667	0.911242	 0.19929
1.18667	0.93141	 0.196042
1.18667	0.951579	 0.192673
1.18667	0.971748	 0.189184
1.18667	0.991917	 0.185579
1.18667	1.01209	 0.181864
1.18667	1.03225	 0.178045
1.18667	1.05242	 0.174131
1.18667	1.07259	 0.170134
1.18667	1.09276	 0.166064
1.18667	1.11293	 0.161933
1.18667	1.1331	 0.157751
1.18667	1.15327	 0.153532
1.18667	1.17344	 0.149305
1.18667	1.1936	 0.145142
1.18667	1.21377	 0.141123
1.18667	1.23394	 0.137328
1.18667	1.25411	 0.133837
1.18667	1.27428	 0.13073
1.18667	1.29445	 0.12805
1.18667	1.31462	 0.125779
1.18667	1.33478	 0.123892
1.18667	1.35495	 0.122365
1.18667	1.37512	 0.121173
1.18667	1.39529	 0.120292
1.18667	1.41546	 0.119678
1.18667	1.43563	 0.119274
1.18667	1.4558	 0.119019
1.18667	1.47597	 0.118849
1.18667	1.49613	 0.118702
1.18667	1.5163	 0.118551
1.18667	1.53647	 0.118397
1.18667	1.55664	 0.118245
1.18667	1.57681	 0.11811
1.18667	1.59698	 0.118013
1.18667	1.61715	 0.117929
1.18667	1.63732	 0.117859
1.18667	1.65748	 0.117813
1.18667	1.67765	 0.117798
1.18667	1.69782	 0.117798
1.18667	1.71799	 0.117798
1.18667	1.73816	 0.117798
1.18667	1.75833	 0.117798
1.18667	1.7785	 0.117798
1.18667	1.79867	 0.117798
1.18667	1.81883	 0.117798
1.18667	1.839	 0.117798
1.35333	0.850736	 0.204517
1.35333	0.870904	 0.201764
1.35333	0.891073	 0.198888
1.35333	0.911242	 0.195893
1.35333	0.93141	 0.192782
1.35333	0.951579	 0.189557
1.35333	0.971748	 0.186221
1.35333	0.991917	 0.182779
1.35333	1.01209	 0.179236
1.35333	1.03225	 0.175602
1.35333	1.05242	 0.171886
1.35333	1.07259	 0.168098
1.35333	1.09276	 0.164249
1.35333	1.11293	 0.16035
1.35333	1.1331	 0.156412
1.35333	1.15327	 0.152446
1.35333	1.17344	 0.148489
1.35333	1.1936	 0.144605
1.35333	1.21377	 0.140861
1.35333	1.23394	 0.137323
1.35333	1.25411	 0.134058
1.35333	1.27428	 0.131133
1.35333	1.29445	 0.128587
1.35333	1.31462	 0.126405
1.35333	1.33478	 0.124563
1.35333	1.35495	 0.123038
1.35333	1.37512	 0.121807
1.35333	1.39529	 0.120846
1.35333	1.41546	 0.120124
1.35333	1.43563	 0.119605
1.35333	1.4558	 0.119244
1.35333	1.47597	 0.118993
1.35333	1.49613	 0.118806
1.35333	1.5163	 0.11865
1.35333	1.53647	 0.118505
1.35333	1.55664	 0.118351
1.35333	1.57681	 0.118189
1.35333	1.59698	 0.118038
1.35333	1.61715	 0.117899
1.35333	1.63732	 0.117783
1.35333	1.65748	 0.117706
1.35333	1.67765	 0.117681
1.35333	1.69782	 0.117681
1.35333	1.71799	 0.117681
1.35333	1.73816	 0.117681
1.35333	1.75833	 0.117681
1.35333	1.7785	 0.117681
1.35333	1.79867	 0.117681
1.35333	1.81883	 0.117681
1.35333	1.839	 0.117681
1.52	0.850736	 0.201576
1.52	0.870904	 0.19891
1.52	0.891073	 0.196129
1.52	0.911242	 0.193235
1.52	0.93141	 0.190233
1.52	0.951579	 0.187124
1.52	0.971748	 0.183912
1.52	0.991917	 0.180601
1.52	1.01209	 0.177197
1.52	1.03225	 0.173712
1.52	1.05242	 0.170155
1.52	1.07259	 0.166535
1.52	1.09276	 0.162864
1.52	1.11293	 0.159151
1.52	1.1331	 0.155405
1.52	1.15327	 0.151641
1.52	1.17344	 0.147898
1.52	1.1936	 0.144234
1.52	1.21377	 0.140705
1.52	1.23394	 0.137367
1.52	1.25411	 0.134278
1.52	1.27428	 0.131495
1.52	1.29445	 0.129054
1.52	1.31462	 0.126943
1.52	1.33478	 0.125138
1.52	1.35495	 0.123618
1.52	1.37512	 0.12236
1.52	1.39529	 0.121342
1.52	1.41546	 0.120542
1.52	1.43563	 0.119936
1.52	1.4558	 0.119492
1.52	1.47597	 0.119176
1.52	1.49613	 0.118952
1.52	1.5163	 0.118785
1.52	1.53647	 0.11864
1.52	1.55664	 0.118483
1.52	1.57681	 0.118303
1.52	1.59698	 0.118115
1.52	1.61715	 0.117937
1.52	1.63732	 0.117787
1.52	1.65748	 0.117684
1.52	1.67765	 0.117645
1.52	1.69782	 0.117636
1.52	1.71799	 0.11763
1.52	1.73816	 0.117625
1.52	1.75833	 0.117624
1.52	1.7785	 0.117624
1.52	1.79867	 0.117624
1.52	1.81883	 0.117624
1.52	1.839	 0.117624
1.68667	0.850736	 0.199423
1.68667	0.870904	 0.196827
1.68667	0.891073	 0.194122
1.68667	0.911242	 0.191312
1.68667	0.93141	 0.1884
1.68667	0.951579	 0.185389
1.68667	0.971748	 0.182283
1.68667	0.991917	 0.179086
1.68667	1.01209	 0.175807
1.68667	1.03225	 0.172454
1.68667	1.05242	 0.169037
1.68667	1.07259	 0.165565
1.68667	1.09276	 0.162047
1.68667	1.11293	 0.158491
1.68667	1.1331	 0.154908
1.68667	1.15327	 0.151313
1.68667	1.17344	 0.147746
1.68667	1.1936	 0.144258
1.68667	1.21377	 0.140899
1.68667	1.23394	 0.137721
1.68667	1.25411	 0.134773
1.68667	1.27428	 0.132107
1.68667	1.29445	 0.129757
1.68667	1.31462	 0.127713
1.68667	1.33478	 0.125954
1.68667	1.35495	 0.124457
1.68667	1.37512	 0.123203
1.68667	1.39529	 0.122169
1.68667	1.41546	 0.121334
1.68667	1.43563	 0.120677
1.68667	1.4558	 0.120171
1.68667	1.47597	 0.119786
1.68667	1.49613	 0.119496
1.68667	1.5163	 0.119272
1.68667	1.53647	 0.119086
1.68667	1.55664	 0.11891
1.68667	1.57681	 0.118732
1.68667	1.59698	 0.118553
1.68667	1.61715	 0.118375
1.68667	1.63732	 0.11821
1.68667	1.65748	 0.118071
1.68667	1.67765	 0.117975
1.68667	1.69782	 0.117905
1.68667	1.71799	 0.117849
1.68667	1.73816	 0.117813
1.68667	1.75833	 0.117799
1.68667	1.7785	 0.117799
1.68667	1.79867	 0.117799
1.68667	1.81883	 0.117799
1.68667	1.839	 0.117799
1.85333	0.850736	 0.19764
1.85333	0.870904	 0.195101
1.85333	0.891073	 0.192461
1.85333	0.911242	 0.189721
1.85333	0.93141	 0.186884
1.85333	0.951579	 0.183954
1.85333	0.971748	 0.180936
1.85333	0.991917	 0.177834
1.85333	1.01209	 0.174658
1.85333	1.03225	 0.171416
1.85333	1.05242	 0.168115
1.85333	1.07259	 0.164765
1.85333	1.09276	 0.161373
1.85333	1.11293	 0.157948
1.85333	1.1331	 0.154499
1.85333	1.15327	 0.151043
1.85333	1.17344	 0.147621
1.85333	1.1936	 0.144278
1.85333	1.21377	 0.141059
1.85333	1.23394	 0.138011
1.85333	1.25411	 0.135178
1.85333	1.27428	 0.132606
1.85333	1.29445	 0.13033
1.85333	1.31462	 0.128341
1.85333	1.33478	 0.126618
1.85333	1.35495	 0.125141
1.85333	1.37512	 0.12389
1.85333	1.39529	 0.122843
1.85333	1.41546	 0.121981
1.85333	1.43563	 0.121282
1.85333	1.4558	 0.120725
1.85333	1.47597	 0.120285
1.85333	1.49613	 0.11994
1.85333	1.5163	 0.119669
1.85333	1.53647	 0.11945
1.85333	1.55664	 0.119259
1.85333	1.57681	 0.119083
1.85333	1.59698	 0.11891
1.85333	1.61715	 0.118734
1.85333	1.63732	 0.118555
1.85333	1.65748	 0.118388
1.85333	1.67765	 0.118245
1.85333	1.69782	 0.118125
1.85333	1.71799	 0.118029
1.85333	1.73816	 0.117966
1.85333	1.75833	 0.117943
1.85333	1.7785	 0.117943
1.85333	1.79867	 0.117943
1.85333	1.81883	 0.117943
1.85333	1.839	 0.117943
2.02	0.850736	 0.196016
2.02	0.870904	 0.193529
2.02	0.891073	 0.190946
2.02	0.911242	 0.188267
2.02	0.93141	 0.185498
2.02	0.951579	 0.18264
2.02	0.971748	 0.179699
2.02	0.991917	 0.176682
2.02	1.01209	 0.173596
2.02	1.03225	 0.17045
2.02	1.05242	 0.167251
2.02	1.07259	 0.164006
2.02	1.09276	 0.160724
2.02	1.11293	 0.157412
2.02	1.1331	 0.154078
2.02	1.15327	 0.150742
2.02	1.17344	 0.147443
2.02	1.1936	 0.144223
2.02	1.21377	 0.141123
2.02	1.23394	 0.138185
2.02	1.25411	 0.135449
2.02	1.27428	 0.132957
2.02	1.29445	 0.130743
2.02	1.31462	 0.1288
2.02	1.33478	 0.127109
2.02	1.35495	 0.125648
2.02	1.37512	 0.1244
2.02	1.39529	 0.123344
2.02	1.41546	 0.12246
2.02	1.43563	 0.121728
2.02	1.4558	 0.12113
2.02	1.47597	 0.120645
2.02	1.49613	 0.120257
2.02	1.5163	 0.119946
2.02	1.53647	 0.119697
2.02	1.55664	 0.119491
2.02	1.57681	 0.11931
2.02	1.59698	 0.119139
2.02	1.61715	 0.118959
2.02	1.63732	 0.11877
2.02	1.65748	 0.11858
2.02	1.67765	 0.118401
2.02	1.69782	 0.118242
2.02	1.71799	 0.118113
2.02	1.73816	 0.118026
2.02	1.75833	 0.117991
2.02	1.7785	 0.117986
2.02	1.79867	 0.11798
2.02	1.81883	 0.117976
2.02	1.839	 0.117972
2.18667	0.850736	 0.193791
2.18667	0.870904	 0.191368
2.18667	0.891073	 0.188852
2.18667	0.911242	 0.186248
2.18667	0.93141	 0.183557
2.18667	0.951579	 0.180784
2.18667	0.971748	 0.177934
2.18667	0.991917	 0.175013
2.18667	1.01209	 0.172029
2.18667	1.03225	 0.168988
2.18667	1.05242	 0.165897
2.18667	1.07259	 0.162765
2.18667	1.09276	 0.159597
2.18667	1.11293	 0.156402
2.18667	1.1331	 0.153187
2.18667	1.15327	 0.149972
2.18667	1.17344	 0.146796
2.18667	1.1936	 0.143695
2.18667	1.21377	 0.140708
2.18667	1.23394	 0.137874
2.18667	1.25411	 0.13523
2.18667	1.27428	 0.132815
2.18667	1.29445	 0.130659
2.18667	1.31462	 0.128761
2.18667	1.33478	 0.127101
2.18667	1.35495	 0.12566
2.18667	1.37512	 0.12442
2.18667	1.39529	 0.123363
2.18667	1.41546	 0.12247
2.18667	1.43563	 0.121722
2.18667	1.4558	 0.1211
2.18667	1.47597	 0.120587
2.18667	1.49613	 0.120165
2.18667	1.5163	 0.119818
2.18667	1.53647	 0.119528
2.18667	1.55664	 0.119282
2.18667	1.57681	 0.119065
2.18667	1.59698	 0.118862
2.18667	1.61715	 0.11866
2.18667	1.63732	 0.118455
2.18667	1.65748	 0.118253
2.18667	1.67765	 0.118061
2.18667	1.69782	 0.117887
2.18667	1.71799	 0.117736
2.18667	1.73816	 0.117618
2.18667	1.75833	 0.117542
2.18667	1.7785	 0.117493
2.18667	1.79867	 0.117448
2.18667	1.81883	 0.11741
2.18667	1.839	 0.117379
2.35333	0.850736	 0.19186
2.35333	0.870904	 0.189492
2.35333	0.891073	 0.187037
2.35333	0.911242	 0.184496
2.35333	0.93141	 0.181875
2.35333	0.951579	 0.179176
2.35333	0.971748	 0.176405
2.35333	0.991917	 0.173568
2.35333	1.01209	 0.170671
2.35333	1.03225	 0.167722
2.35333	1.05242	 0.164727
2.35333	1.07259	 0.161692
2.35333	1.09276	 0.158624
2.35333	1.11293	 0.155529
2.35333	1.1331	 0.152417
2.35333	1.15327	 0.149308
2.35333	1.17344	 0.146237
2.35333	1.1936	 0.14324
2.35333	1.21377	 0.140351
2.35333	1.23394	 0.137607
2.35333	1.25411	 0.135042
2.35333	1.27428	 0.132692
2.35333	1.29445	 0.130587
2.35333	1.31462	 0.128727
2.35333	1.33478	 0.127094
2.35333	1.35495	 0.12567
2.35333	1.37512	 0.124438
2.35333	1.39529	 0.12338
2.35333	1.41546	 0.122479
2.35333	1.43563	 0.121716
2.35333	1.4558	 0.121075
2.35333	1.47597	 0.120537
2.35333	1.49613	 0.120087
2.35333	1.5163	 0.119707
2.35333	1.53647	 0.119383
2.35333	1.55664	 0.119103
2.35333	1.57681	 0.118854
2.35333	1.59698	 0.118625
2.35333	1.61715	 0.118402
2.35333	1.63732	 0.118183
2.35333	1.65748	 0.117971
2.35333	1.67765	 0.117769
2.35333	1.69782	 0.117581
2.35333	1.71799	 0.117411
2.35333	1.73816	 0.117267
2.35333	1.75833	 0.117156
2.35333	1.7785	 0.117068
2.35333	1.79867	 0.116989
2.35333	1.81883	 0.116922
2.35333	1.839	 0.116868
2.52	0.850736	 0.190169
2.52	0.870904	 0.18785
2.52	0.891073	 0.185447
2.52	0.911242	 0.182963
2.52	0.93141	 0.180402
2.52	0.951579	 0.177769
2.52	0.971748	 0.175067
2.52	0.991917	 0.172304
2.52	1.01209	 0.169485
2.52	1.03225	 0.166616
2.52	1.05242	 0.163704
2.52	1.07259	 0.160755
2.52	1.09276	 0.157774
2.52	1.11293	 0.154768
2.52	1.1331	 0.151746
2.52	1.15327	 0.14873
2.52	1.17344	 0.145751
2.52	1.1936	 0.142844
2.52	1.21377	 0.140041
2.52	1.23394	 0.137375
2.52	1.25411	 0.134879
2.52	1.27428	 0.132586
2.52	1.29445	 0.130525
2.52	1.31462	 0.128698
2.52	1.33478	 0.127088
2.52	1.35495	 0.125679
2.52	1.37512	 0.124454
2.52	1.39529	 0.123395
2.52	1.41546	 0.122487
2.52	1.43563	 0.121711
2.52	1.4558	 0.121052
2.52	1.47597	 0.120494
2.52	1.49613	 0.120018
2.52	1.5163	 0.119611
2.52	1.53647	 0.119257
2.52	1.55664	 0.118947
2.52	1.57681	 0.118671
2.52	1.59698	 0.118418
2.52	1.61715	 0.118178
2.52	1.63732	 0.117947
2.52	1.65748	 0.117726
2.52	1.67765	 0.117515
2.52	1.69782	 0.117316
2.52	1.71799	 0.117129
2.52	1.73816	 0.116961
2.52	1.75833	 0.116819
2.52	1.7785	 0.116698
2.52	1.79867	 0.11659
2.52	1.81883	 0.116497
2.52	1.839	 0.116422
2.68667	0.850736	 0.188676
2.68667	0.870904	 0.186399
2.68667	0.891073	 0.184043
2.68667	0.911242	 0.181609
2.68667	0.93141	 0.179103
2.68667	0.951579	 0.176527
2.68667	0.971748	 0.173887
2.68667	0.991917	 0.171189
2.68667	1.01209	 0.168439
2.68667	1.03225	 0.165641
2.68667	1.05242	 0.162803
2.68667	1.07259	 0.159929
2.68667	1.09276	 0.157026
2.68667	1.11293	 0.154099
2.68667	1.1331	 0.151156
2.68667	1.15327	 0.148221
2.68667	1.17344	 0.145324
2.68667	1.1936	 0.142496
2.68667	1.21377	 0.139768
2.68667	1.23394	 0.137171
2.68667	1.25411	 0.134735
2.68667	1.27428	 0.132492
2.68667	1.29445	 0.13047
2.68667	1.31462	 0.128672
2.68667	1.33478	 0.127083
2.68667	1.35495	 0.125687
2.68667	1.37512	 0.124467
2.68667	1.39529	 0.123408
2.68667	1.41546	 0.122493
2.68667	1.43563	 0.121707
2.68667	1.4558	 0.121033
2.68667	1.47597	 0.120455
2.68667	1.49613	 0.119958
2.68667	1.5163	 0.119527
2.68667	1.53647	 0.119147
2.68667	1.55664	 0.118811
2.68667	1.57681	 0.11851
2.68667	1.59698	 0.118236
2.68667	1.61715	 0.117981
2.68667	1.63732	 0.11774
2.68667	1.65748	 0.117511
2.68667	1.67765	 0.117292
2.68667	1.69782	 0.117082
2.68667	1.71799	 0.116881
2.68667	1.73816	 0.116692
2.68667	1.75833	 0.116524
2.68667	1.7785	 0.116374
2.68667	1.79867	 0.116239
2.68667	1.81883	 0.116123
2.68667	1.839	 0.116031
2.85333	0.850736	 0.187346
2.85333	0.870904	 0.185109
2.85333	0.891073	 0.182794
2.85333	0.911242	 0.180406
2.85333	0.93141	 0.177947
2.85333	0.951579	 0.175423
2.85333	0.971748	 0.172838
2.85333	0.991917	 0.170199
2.85333	1.01209	 0.167509
2.85333	1.03225	 0.164776
2.85333	1.05242	 0.162003
2.85333	1.07259	 0.159197
2.85333	1.09276	 0.156362
2.85333	1.11293	 0.153505
2.85333	1.1331	 0.150633
2.85333	1.15327	 0.14777
2.85333	1.17344	 0.144946
2.85333	1.1936	 0.142188
2.85333	1.21377	 0.139527
2.85333	1.23394	 0.136991
2.85333	1.25411	 0.134609
2.85333	1.27428	 0.13241
2.85333	1.29445	 0.130422
2.85333	1.31462	 0.128649
2.85333	1.33478	 0.127078
2.85333	1.35495	 0.125693
2.85333	1.37512	 0.124479
2.85333	1.39529	 0.123419
2.85333	1.41546	 0.122499
2.85333	1.43563	 0.121703
2.85333	1.4558	 0.121016
2.85333	1.47597	 0.120422
2.85333	1.49613	 0.119906
2.85333	1.5163	 0.119452
2.85333	1.53647	 0.119049
2.85333	1.55664	 0.11869
2.85333	1.57681	 0.118368
2.85333	1.59698	 0.118076
2.85333	1.61715	 0.117807
2.85333	1.63732	 0.117557
2.85333	1.65748	 0.117321
2.85333	1.67765	 0.117095
2.85333	1.69782	 0.116876
2.85333	1.71799	 0.116661
2.85333	1.73816	 0.116455
2.85333	1.75833	 0.116262
2.85333	1.7785	 0.116086
2.85333	1.79867	 0.115928
2.85333	1.81883	 0.115792
2.85333	1.839	 0.115684
3.02	0.850736	 0.18612
3.02	0.870904	 0.183919
3.02	0.891073	 0.181644
3.02	0.911242	 0.179298
3.02	0.93141	 0.176885
3.02	0.951579	 0.174409
3.02	0.971748	 0.171877
3.02	0.991917	 0.169292
3.02	1.01209	 0.16666
3.02	1.03225	 0.163986
3.02	1.05242	 0.161274
3.02	1.07259	 0.158531
3.02	1.09276	 0.15576
3.02	1.11293	 0.152967
3.02	1.1331	 0.15016
3.02	1.15327	 0.147365
3.02	1.17344	 0.144607
3.02	1.1936	 0.141914
3.02	1.21377	 0.139314
3.02	1.23394	 0.136833
3.02	1.25411	 0.1345
3.02	1.27428	 0.132342
3.02	1.29445	 0.130385
3.02	1.31462	 0.128636
3.02	1.33478	 0.127082
3.02	1.35495	 0.125708
3.02	1.37512	 0.124498
3.02	1.39529	 0.123439
3.02	1.41546	 0.122514
3.02	1.43563	 0.12171
3.02	1.4558	 0.121011
3.02	1.47597	 0.120402
3.02	1.49613	 0.119869
3.02	1.5163	 0.119397
3.02	1.53647	 0.118975
3.02	1.55664	 0.118595
3.02	1.57681	 0.118254
3.02	1.59698	 0.117944
3.02	1.61715	 0.117662
3.02	1.63732	 0.117401
3.02	1.65748	 0.117156
3.02	1.67765	 0.116921
3.02	1.69782	 0.116692
3.02	1.71799	 0.116465
3.02	1.73816	 0.116241
3.02	1.75833	 0.116028
3.02	1.7785	 0.115828
3.02	1.79867	 0.115649
3.02	1.81883	 0.115494
3.02	1.839	 0.115369
3.18667	0.850736	 0.184765
3.18667	0.870904	 0.182611
3.18667	0.891073	 0.180387
3.18667	0.911242	 0.178094
3.18667	0.93141	 0.175738
3.18667	0.951579	 0.173322
3.18667	0.971748	 0.170852
3.18667	0.991917	 0.168332
3.18667	1.01209	 0.165767
3.18667	1.03225	 0.163162
3.18667	1.05242	 0.160521
3.18667	1.07259	 0.157849
3.18667	1.09276	 0.15515
3.18667	1.11293	 0.15243
3.18667	1.1331	 0.149697
3.18667	1.15327	 0.146975
3.18667	1.17344	 0.14429
3.18667	1.1936	 0.141668
3.18667	1.21377	 0.139133
3.18667	1.23394	 0.136713
3.18667	1.25411	 0.134434
3.18667	1.27428	 0.13232
3.18667	1.29445	 0.130397
3.18667	1.31462	 0.128675
3.18667	1.33478	 0.12714
3.18667	1.35495	 0.125779
3.18667	1.37512	 0.124577
3.18667	1.39529	 0.123519
3.18667	1.41546	 0.122593
3.18667	1.43563	 0.121784
3.18667	1.4558	 0.121076
3.18667	1.47597	 0.120458
3.18667	1.49613	 0.119913
3.18667	1.5163	 0.119428
3.18667	1.53647	 0.118992
3.18667	1.55664	 0.118596
3.18667	1.57681	 0.118236
3.18667	1.59698	 0.117904
3.18667	1.61715	 0.117598
3.18667	1.63732	 0.117311
3.18667	1.65748	 0.117041
3.18667	1.67765	 0.116782
3.18667	1.69782	 0.11653
3.18667	1.71799	 0.116282
3.18667	1.73816	 0.11604
3.18667	1.75833	 0.115807
3.18667	1.7785	 0.115588
3.18667	1.79867	 0.115387
3.18667	1.81883	 0.115207
3.18667	1.839	 0.115054
3.35333	0.850736	 0.183536
3.35333	0.870904	 0.181425
3.35333	0.891073	 0.179246
3.35333	0.911242	 0.177003
3.35333	0.93141	 0.174698
3.35333	0.951579	 0.172337
3.35333	0.971748	 0.169924
3.35333	0.991917	 0.167464
3.35333	1.01209	 0.16496
3.35333	1.03225	 0.162417
3.35333	1.05242	 0.15984
3.35333	1.07259	 0.157232
3.35333	1.09276	 0.154599
3.35333	1.11293	 0.151945
3.35333	1.1331	 0.149279
3.35333	1.15327	 0.146624
3.35333	1.17344	 0.144005
3.35333	1.1936	 0.141445
3.35333	1.21377	 0.138971
3.35333	1.23394	 0.136605
3.35333	1.25411	 0.134373
3.35333	1.27428	 0.1323
3.35333	1.29445	 0.130408
3.35333	1.31462	 0.12871
3.35333	1.33478	 0.127192
3.35333	1.35495	 0.125842
3.35333	1.37512	 0.124647
3.35333	1.39529	 0.123592
3.35333	1.41546	 0.122664
3.35333	1.43563	 0.12185
3.35333	1.4558	 0.121136
3.35333	1.47597	 0.120507
3.35333	1.49613	 0.119952
3.35333	1.5163	 0.119456
3.35333	1.53647	 0.119007
3.35333	1.55664	 0.118597
3.35333	1.57681	 0.11822
3.35333	1.59698	 0.117868
3.35333	1.61715	 0.11754
3.35333	1.63732	 0.117231
3.35333	1.65748	 0.116938
3.35333	1.67765	 0.116657
3.35333	1.69782	 0.116384
3.35333	1.71799	 0.116117
3.35333	1.73816	 0.115858
3.35333	1.75833	 0.115608
3.35333	1.7785	 0.115372
3.35333	1.79867	 0.11515
3.35333	1.81883	 0.114948
3.35333	1.839	 0.114769
3.52	0.850736	 0.182417
3.52	0.870904	 0.180345
3.52	0.891073	 0.178208
3.52	0.911242	 0.176009
3.52	0.93141	 0.173752
3.52	0.951579	 0.171441
3.52	0.971748	 0.16908
3.52	0.991917	 0.166673
3.52	1.01209	 0.164225
3.52	1.03225	 0.161739
3.52	1.05242	 0.15922
3.52	1.07259	 0.156672
3.52	1.09276	 0.154098
3.52	1.11293	 0.151504
3.52	1.1331	 0.148899
3.52	1.15327	 0.146305
3.52	1.17344	 0.143746
3.52	1.1936	 0.141244
3.52	1.21377	 0.138823
3.52	1.23394	 0.136507
3.52	1.25411	 0.134319
3.52	1.27428	 0.132282
3.52	1.29445	 0.130418
3.52	1.31462	 0.128741
3.52	1.33478	 0.127239
3.52	1.35495	 0.1259
3.52	1.37512	 0.124711
3.52	1.39529	 0.123658
3.52	1.41546	 0.122729
3.52	1.43563	 0.12191
3.52	1.4558	 0.121189
3.52	1.47597	 0.120553
3.52	1.49613	 0.119987
3.52	1.5163	 0.119481
3.52	1.53647	 0.119021
3.52	1.55664	 0.118598
3.52	1.57681	 0.118205
3.52	1.59698	 0.117836
3.52	1.61715	 0.117488
3.52	1.63732	 0.117158
3.52	1.65748	 0.116844
3.52	1.67765	 0.116543
3.52	1.69782	 0.116252
3.52	1.71799	 0.115968
3.52	1.73816	 0.115693
3.52	1.75833	 0.115428
3.52	1.7785	 0.115175
3.52	1.79867	 0.114935
3.52	1.81883	 0.114713
3.52	1.839	 0.114511
3.68667	0.850736	 0.181392
3.68667	0.870904	 0.179356
3.68667	0.891073	 0.177258
3.68667	0.911242	 0.1751
3.68667	0.93141	 0.172886
3.68667	0.951579	 0.170621
3.68667	0.971748	 0.168308
3.68667	0.991917	 0.165951
3.68667	1.01209	 0.163554
3.68667	1.03225	 0.16112
3.68667	1.05242	 0.158655
3.68667	1.07259	 0.15616
3.68667	1.09276	 0.153642
3.68667	1.11293	 0.151102
3.68667	1.1331	 0.148553
3.68667	1.15327	 0.146015
3.68667	1.17344	 0.14351
3.68667	1.1936	 0.141061
3.68667	1.21377	 0.138689
3.68667	1.23394	 0.136418
3.68667	1.25411	 0.134269
3.68667	1.27428	 0.132265
3.68667	1.29445	 0.130428
3.68667	1.31462	 0.12877
3.68667	1.33478	 0.127282
3.68667	1.35495	 0.125953
3.68667	1.37512	 0.124769
3.68667	1.39529	 0.123718
3.68667	1.41546	 0.122788
3.68667	1.43563	 0.121965
3.68667	1.4558	 0.121238
3.68667	1.47597	 0.120594
3.68667	1.49613	 0.12002
3.68667	1.5163	 0.119503
3.68667	1.53647	 0.119033
3.68667	1.55664	 0.118599
3.68667	1.57681	 0.118192
3.68667	1.59698	 0.117806
3.68667	1.61715	 0.11744
3.68667	1.63732	 0.117091
3.68667	1.65748	 0.116759
3.68667	1.67765	 0.116439
3.68667	1.69782	 0.116131
3.68667	1.71799	 0.115832
3.68667	1.73816	 0.115543
3.68667	1.75833	 0.115264
3.68667	1.7785	 0.114996
3.68667	1.79867	 0.11474
3.68667	1.81883	 0.114498
3.68667	1.839	 0.114275
3.85333	0.850736	 0.180451
3.85333	0.870904	 0.178449
3.85333	0.891073	 0.176385
3.85333	0.911242	 0.174265
3.85333	0.93141	 0.172092
3.85333	0.951579	 0.169869
3.85333	0.971748	 0.1676
3.85333	0.991917	 0.165289
3.85333	1.01209	 0.162938
3.85333	1.03225	 0.160553
3.85333	1.05242	 0.158136
3.85333	1.07259	 0.155692
3.85333	1.09276	 0.153223
3.85333	1.11293	 0.150734
3.85333	1.1331	 0.148236
3.85333	1.15327	 0.145749
3.85333	1.17344	 0.143294
3.85333	1.1936	 0.140893
3.85333	1.21377	 0.138567
3.85333	1.23394	 0.136336
3.85333	1.25411	 0.134224
3.85333	1.27428	 0.13225
3.85333	1.29445	 0.130436
3.85333	1.31462	 0.128796
3.85333	1.33478	 0.127321
3.85333	1.35495	 0.126001
3.85333	1.37512	 0.124822
3.85333	1.39529	 0.123773
3.85333	1.41546	 0.122841
3.85333	1.43563	 0.122015
3.85333	1.4558	 0.121282
3.85333	1.47597	 0.120631
3.85333	1.49613	 0.120049
3.85333	1.5163	 0.119524
3.85333	1.53647	 0.119045
3.85333	1.55664	 0.1186
3.85333	1.57681	 0.118179
3.85333	1.59698	 0.117779
3.85333	1.61715	 0.117396
3.85333	1.63732	 0.117031
3.85333	1.65748	 0.116681
3.85333	1.67765	 0.116344
3.85333	1.69782	 0.116021
3.85333	1.71799	 0.115708
3.85333	1.73816	 0.115406
3.85333	1.75833	 0.115114
3.85333	1.7785	 0.114832
3.85333	1.79867	 0.114561
3.85333	1.81883	 0.114302
3.85333	1.839	 0.11406
4.02	0.850736	 0.179585
4.02	0.870904	 0.177613
4.02	0.891073	 0.175583
4.02	0.911242	 0.173497
4.02	0.93141	 0.171361
4.02	0.951579	 0.169177
4.02	0.971748	 0.166948
4.02	0.991917	 0.164678
4.02	1.01209	 0.162371
4.02	1.03225	 0.16003
4.02	1.05242	 0.157658
4.02	1.07259	 0.155259
4.02	1.09276	 0.152836
4.02	1.11293	 0.150393
4.02	1.1331	 0.147942
4.02	1.15327	 0.145501
4.02	1.17344	 0.143091
4.02	1.1936	 0.140734
4.02	1.21377	 0.138448
4.02	1.23394	 0.136255
4.02	1.25411	 0.134175
4.02	1.27428	 0.132229
4.02	1.29445	 0.130436
4.02	1.31462	 0.128811
4.02	1.33478	 0.127349
4.02	1.35495	 0.126036
4.02	1.37512	 0.124861
4.02	1.39529	 0.123814
4.02	1.41546	 0.122881
4.02	1.43563	 0.122052
4.02	1.4558	 0.121314
4.02	1.47597	 0.120657
4.02	1.49613	 0.120068
4.02	1.5163	 0.119536
4.02	1.53647	 0.119049
4.02	1.55664	 0.118595
4.02	1.57681	 0.118164
4.02	1.59698	 0.117751
4.02	1.61715	 0.117356
4.02	1.63732	 0.116976
4.02	1.65748	 0.116611
4.02	1.67765	 0.116261
4.02	1.69782	 0.115923
4.02	1.71799	 0.115598
4.02	1.73816	 0.115285
4.02	1.75833	 0.114981
4.02	1.7785	 0.114687
4.02	1.79867	 0.114402
4.02	1.81883	 0.114129
4.02	1.839	 0.113869
4.18667	0.850736	 0.178793
4.18667	0.870904	 0.176848
4.18667	0.891073	 0.174847
4.18667	0.911242	 0.172793
4.18667	0.93141	 0.170689
4.18667	0.951579	 0.168539
4.18667	0.971748	 0.166345
4.18667	0.991917	 0.164112
4.18667	1.01209	 0.161843
4.18667	1.03225	 0.159539
4.18667	1.05242	 0.157206
4.18667	1.07259	 0.154846
4.18667	1.09276	 0.152463
4.18667	1.11293	 0.150059
4.18667	1.1331	 0.147647
4.18667	1.15327	 0.145245
4.18667	1.17344	 0.142873
4.18667	1.1936	 0.140552
4.18667	1.21377	 0.1383
4.18667	1.23394	 0.136137
4.18667	1.25411	 0.134084
4.18667	1.27428	 0.132159
4.18667	1.29445	 0.130383
4.18667	1.31462	 0.128769
4.18667	1.33478	 0.127314
4.18667	1.35495	 0.126007
4.18667	1.37512	 0.124835
4.18667	1.39529	 0.123788
4.18667	1.41546	 0.122854
4.18667	1.43563	 0.122023
4.18667	1.4558	 0.121282
4.18667	1.47597	 0.120622
4.18667	1.49613	 0.120029
4.18667	1.5163	 0.119494
4.18667	1.53647	 0.119005
4.18667	1.55664	 0.118551
4.18667	1.57681	 0.118121
4.18667	1.59698	 0.117709
4.18667	1.61715	 0.117314
4.18667	1.63732	 0.116932
4.18667	1.65748	 0.116564
4.18667	1.67765	 0.116208
4.18667	1.69782	 0.115863
4.18667	1.71799	 0.11553
4.18667	1.73816	 0.115208
4.18667	1.75833	 0.114895
4.18667	1.7785	 0.114592
4.18667	1.79867	 0.114298
4.18667	1.81883	 0.114014
4.18667	1.839	 0.113744
4.35333	0.850736	 0.178058
4.35333	0.870904	 0.176139
4.35333	0.891073	 0.174164
4.35333	0.911242	 0.172139
4.35333	0.93141	 0.170066
4.35333	0.951579	 0.167947
4.35333	0.971748	 0.165787
4.35333	0.991917	 0.163588
4.35333	1.01209	 0.161353
4.35333	1.03225	 0.159085
4.35333	1.05242	 0.156788
4.35333	1.07259	 0.154464
4.35333	1.09276	 0.152117
4.35333	1.11293	 0.14975
4.35333	1.1331	 0.147374
4.35333	1.15327	 0.145008
4.35333	1.17344	 0.142672
4.35333	1.1936	 0.140384
4.35333	1.21377	 0.138163
4.35333	1.23394	 0.136028
4.35333	1.25411	 0.133999
4.35333	1.27428	 0.132095
4.35333	1.29445	 0.130333
4.35333	1.31462	 0.12873
4.35333	1.33478	 0.127283
4.35333	1.35495	 0.12598
4.35333	1.37512	 0.12481
4.35333	1.39529	 0.123764
4.35333	1.41546	 0.122829
4.35333	1.43563	 0.121996
4.35333	1.4558	 0.121253
4.35333	1.47597	 0.120589
4.35333	1.49613	 0.119994
4.35333	1.5163	 0.119456
4.35333	1.53647	 0.118965
4.35333	1.55664	 0.11851
4.35333	1.57681	 0.118081
4.35333	1.59698	 0.117671
4.35333	1.61715	 0.117275
4.35333	1.63732	 0.116892
4.35333	1.65748	 0.116519
4.35333	1.67765	 0.116158
4.35333	1.69782	 0.115808
4.35333	1.71799	 0.115467
4.35333	1.73816	 0.115137
4.35333	1.75833	 0.114816
4.35333	1.7785	 0.114504
4.35333	1.79867	 0.114201
4.35333	1.81883	 0.113908
4.35333	1.839	 0.113628
4.52	0.850736	 0.177375
4.52	0.870904	 0.175479
4.52	0.891073	 0.17353
4.52	0.911242	 0.171532
4.52	0.93141	 0.169487
4.52	0.951579	 0.167398
4.52	0.971748	 0.165268
4.52	0.991917	 0.163101
4.52	1.01209	 0.160898
4.52	1.03225	 0.158663
4.52	1.05242	 0.1564
4.52	1.07259	 0.154109
4.52	1.09276	 0.151796
4.52	1.11293	 0.149462
4.52	1.1331	 0.147121
4.52	1.15327	 0.144789
4.52	1.17344	 0.142485
4.52	1.1936	 0.140228
4.52	1.21377	 0.138036
4.52	1.23394	 0.135927
4.52	1.25411	 0.133921
4.52	1.27428	 0.132035
4.52	1.29445	 0.130287
4.52	1.31462	 0.128694
4.52	1.33478	 0.127254
4.52	1.35495	 0.125955
4.52	1.37512	 0.124788
4.52	1.39529	 0.123742
4.52	1.41546	 0.122806
4.52	1.43563	 0.121971
4.52	1.4558	 0.121225
4.52	1.47597	 0.120559
4.52	1.49613	 0.11996
4.52	1.5163	 0.11942
4.52	1.53647	 0.118928
4.52	1.55664	 0.118472
4.52	1.57681	 0.118044
4.52	1.59698	 0.117635
4.52	1.61715	 0.117239
4.52	1.63732	 0.116854
4.52	1.65748	 0.116479
4.52	1.67765	 0.116113
4.52	1.69782	 0.115756
4.52	1.71799	 0.115409
4.52	1.73816	 0.115071
4.52	1.75833	 0.114742
4.52	1.7785	 0.114422
4.52	1.79867	 0.114111
4.52	1.81883	 0.11381
4.52	1.839	 0.113521
4.68667	0.850736	 0.176738
4.68667	0.870904	 0.174864
4.68667	0.891073	 0.172939
4.68667	0.911242	 0.170966
4.68667	0.93141	 0.168947
4.68667	0.951579	 0.166886
4.68667	0.971748	 0.164785
4.68667	0.991917	 0.162647
4.68667	1.01209	 0.160474
4.68667	1.03225	 0.158271
4.68667	1.05242	 0.156038
4.68667	1.07259	 0.153779
4.68667	1.09276	 0.151497
4.68667	1.11293	 0.149195
4.68667	1.1331	 0.146885
4.68667	1.15327	 0.144585
4.68667	1.17344	 0.142311
4.68667	1.1936	 0.140083
4.68667	1.21377	 0.137918
4.68667	1.23394	 0.135834
4.68667	1.25411	 0.133848
4.68667	1.27428	 0.131979
4.68667	1.29445	 0.130245
4.68667	1.31462	 0.128661
4.68667	1.33478	 0.127226
4.68667	1.35495	 0.125932
4.68667	1.37512	 0.124767
4.68667	1.39529	 0.123721
4.68667	1.41546	 0.122785
4.68667	1.43563	 0.121948
4.68667	1.4558	 0.1212
4.68667	1.47597	 0.12053
4.68667	1.49613	 0.11993
4.68667	1.5163	 0.119387
4.68667	1.53647	 0.118893
4.68667	1.55664	 0.118437
4.68667	1.57681	 0.118009
4.68667	1.59698	 0.117601
4.68667	1.61715	 0.117206
4.68667	1.63732	 0.116819
4.68667	1.65748	 0.116441
4.68667	1.67765	 0.11607
4.68667	1.69782	 0.115708
4.68667	1.71799	 0.115355
4.68667	1.73816	 0.11501
4.68667	1.75833	 0.114674
4.68667	1.7785	 0.114347
4.68667	1.79867	 0.114028
4.68667	1.81883	 0.113719
4.68667	1.839	 0.113421
4.85333	0.850736	 0.176143
4.85333	0.870904	 0.174289
4.85333	0.891073	 0.172386
4.85333	0.911242	 0.170437
4.85333	0.93141	 0.168443
4.85333	0.951579	 0.166407
4.85333	0.971748	 0.164333
4.85333	0.991917	 0.162223
4.85333	1.01209	 0.160079
4.85333	1.03225	 0.157904
4.85333	1.05242	 0.1557
4.85333	1.07259	 0.153471
4.85333	1.09276	 0.151218
4.85333	1.11293	 0.148946
4.85333	1.1331	 0.146665
4.85333	1.15327	 0.144394
4.85333	1.17344	 0.142149
4.85333	1.1936	 0.139948
4.85333	1.21377	 0.137808
4.85333	1.23394	 0.135746
4.85333	1.25411	 0.13378
4.85333	1.27428	 0.131928
4.85333	1.29445	 0.130205
4.85333	1.31462	 0.12863
4.85333	1.33478	 0.127201
4.85333	1.35495	 0.12591
4.85333	1.37512	 0.124747
4.85333	1.39529	 0.123702
4.85333	1.41546	 0.122765
4.85333	1.43563	 0.121926
4.85333	1.4558	 0.121176
4.85333	1.47597	 0.120504
4.85333	1.49613	 0.119901
4.85333	1.5163	 0.119357
4.85333	1.53647	 0.118861
4.85333	1.55664	 0.118404
4.85333	1.57681	 0.117977
4.85333	1.59698	 0.11757
4.85333	1.61715	 0.117175
4.85333	1.63732	 0.116787
4.85333	1.65748	 0.116405
4.85333	1.67765	 0.116031
4.85333	1.69782	 0.115664
4.85333	1.71799	 0.115305
4.85333	1.73816	 0.114953
4.85333	1.75833	 0.11461
4.85333	1.7785	 0.114276
4.85333	1.79867	 0.11395
4.85333	1.81883	 0.113634
4.85333	1.839	 0.113329
5.02	0.850736	 0.17565
5.02	0.870904	 0.173814
5.02	0.891073	 0.171929
5.02	0.911242	 0.169999
5.02	0.93141	 0.168026
5.02	0.951579	 0.166012
5.02	0.971748	 0.16396
5.02	0.991917	 0.161872
5.02	1.01209	 0.159752
5.02	1.03225	 0.157601
5.02	1.05242	 0.155421
5.02	1.07259	 0.153216
5.02	1.09276	 0.150988
5.02	1.11293	 0.14874
5.02	1.1331	 0.146484
5.02	1.15327	 0.144237
5.02	1.17344	 0.142015
5.02	1.1936	 0.139836
5.02	1.21377	 0.137717
5.02	1.23394	 0.135674
5.02	1.25411	 0.133724
5.02	1.27428	 0.131885
5.02	1.29445	 0.130173
5.02	1.31462	 0.128604
5.02	1.33478	 0.12718
5.02	1.35495	 0.125892
5.02	1.37512	 0.124731
5.02	1.39529	 0.123686
5.02	1.41546	 0.122749
5.02	1.43563	 0.121909
5.02	1.4558	 0.121157
5.02	1.47597	 0.120483
5.02	1.49613	 0.119877
5.02	1.5163	 0.119331
5.02	1.53647	 0.118834
5.02	1.55664	 0.118377
5.02	1.57681	 0.117951
5.02	1.59698	 0.117544
5.02	1.61715	 0.117149
5.02	1.63732	 0.11676
5.02	1.65748	 0.116376
5.02	1.67765	 0.115998
5.02	1.69782	 0.115627
5.02	1.71799	 0.115263
5.02	1.73816	 0.114906
5.02	1.75833	 0.114558
5.02	1.7785	 0.114217
5.02	1.79867	 0.113886
5.02	1.81883	 0.113564
5.02	1.839	 0.113252
5.18667	0.850736	 0.17565
5.18667	0.870904	 0.173814
5.18667	0.891073	 0.171929
5.18667	0.911242	 0.169999
5.18667	0.93141	 0.168026
5.18667	0.951579	 0.166012
5.18667	0.971748	 0.16396
5.18667	0.991917	 0.161872
5.18667	1.01209	 0.159752
5.18667	1.03225	 0.157601
5.18667	1.05242	 0.155421
5.18667	1.07259	 0.153216
5.18667	1.09276	 0.150988
5.18667	1.11293	 0.14874
5.18667	1.1331	 0.146484
5.18667	1.15327	 0.144237
5.18667	1.17344	 0.142015
5.18667	1.1936	 0.139836
5.18667	1.21377	 0.137717
5.18667	1.23394	 0.135674
5.18667	1.25411	 0.133724
5.18667	1.27428	 0.131885
5.18667	1.29445	 0.130173
5.18667	1.31462	 0.128604
5.18667	1.33478	 0.12718
5.18667	1.35495	 0.125892
5.18667	1.37512	 0.124731
5.18667	1.39529	 0.123686
5.18667	1.41546	 0.122749
5.18667	1.43563	 0.121909
5.18667	1.4558	 0.121157
5.18667	1.47597	 0.120483
5.18667	1.49613	 0.119877
5.18667	1.5163	 0.119331
5.18667	1.53647	 0.118834
5.18667	1.55664	 0.118377
5.18667	1.57681	 0.117951
5.18667	1.59698	 0.117544
5.18667	1.61715	 0.117149
5.18667	1.63732	 0.11676
5.18667	1.65748	 0.116376
5.18667	1.67765	 0.115998
5.18667	1.69782	 0.115627
5.18667	1.71799	 0.115263
5.18667	1.73816	 0.114906
5.18667	1.75833	 0.114558
5.18667	1.7785	 0.114217
5.18667	1.79867	 0.113886
5.18667	1.81883	 0.113564
5.18667	1.839	 0.113252
5.35333	0.850736	 0.17565
5.35333	0.870904	 0.173814
5.35333	0.891073	 0.171929
5.35333	0.911242	 0.169999
5.35333	0.93141	 0.168026
5.35333	0.951579	 0.166012
5.35333	0.971748	 0.16396
5.35333	0.991917	 0.161872
5.35333	1.01209	 0.159752
5.35333	1.03225	 0.157601
5.35333	1.05242	 0.155421
5.35333	1.07259	 0.153216
5.35333	1.09276	 0.150988
5.35333	1.11293	 0.14874
5.35333	1.1331	 0.146484
5.35333	1.15327	 0.144237
5.35333	1.17344	 0.142015
5.35333	1.1936	 0.139836
5.35333	1.21377	 0.137717
5.35333	1.23394	 0.135674
5.35333	1.25411	 0.133724
5.35333	1.27428	 0.131885
5.35333	1.29445	 0.130173
5.35333	1.31462	 0.128604
5.35333	1.33478	 0.12718
5.35333	1.35495	 0.125892
5.35333	1.37512	 0.124731
5.35333	1.39529	 0.123686
5.35333	1.41546	 0.122749
5.35333	1.43563	 0.121909
5.35333	1.4558	 0.121157
5.35333	1.47597	 0.120483
5.35333	1.49613	 0.119877
5.35333	1.5163	 0.119331
5.35333	1.53647	 0.118834
5.35333	1.55664	 0.118377
5.35333	1.57681	 0.117951
5.35333	1.59698	 0.117544
5.35333	1.61715	 0.117149
5.35333	1.63732	 0.11676
5.35333	1.65748	 0.116376
5.35333	1.67765	 0.115998
5.35333	1.69782	 0.115627
5.35333	1.71799	 0.115263
5.35333	1.73816	 0.114906
5.35333	1.75833	 0.114558
5.35333	1.7785	 0.114217
5.35333	1.79867	 0.113886
5.35333	1.81883	 0.113564
5.35333	1.839	 0.113252
5.52	0.850736	 0.17565
5.52	0.870904	 0.173814
5.52	0.891073	 0.171929
5.52	0.911242	 0.169999
5.52	0.93141	 0.168026
5.52	0.951579	 0.166012
5.52	0.971748	 0.16396
5.52	0.991917	 0.161872
5.52	1.01209	 0.159752
5.52	1.03225	 0.157601
5.52	1.05242	 0.155421
5.52	1.07259	 0.153216
5.52	1.09276	 0.150988
5.52	1.11293	 0.14874
5.52	1.1331	 0.146484
5.52	1.15327	 0.144237
5.52	1.17344	 0.142015
5.52	1.1936	 0.139836
5.52	1.21377	 0.137717
5.52	1.23394	 0.135674
5.52	1.25411	 0.133724
5.52	1.27428	 0.131885
5.52	1.29445	 0.130173
5.52	1.31462	 0.128604
5.52	1.33478	 0.12718
5.52	1.35495	 0.125892
5.52	1.37512	 0.124731
5.52	1.39529	 0.123686
5.52	1.41546	 0.122749
5.52	1.43563	 0.121909
5.52	1.4558	 0.121157
5.52	1.47597	 0.120483
5.52	1.49613	 0.119877
5.52	1.5163	 0.119331
5.52	1.53647	 0.118834
5.52	1.55664	 0.118377
5.52	1.57681	 0.117951
5.52	1.59698	 0.117544
5.52	1.61715	 0.117149
5.52	1.63732	 0.11676
5.52	1.65748	 0.116376
5.52	1.67765	 0.115998
5.52	1.69782	 0.115627
5.52	1.71799	 0.115263
5.52	1.73816	 0.114906
5.52	1.75833	 0.114558
5.52	1.7785	 0.114217
5.52	1.79867	 0.113886
5.52	1.81883	 0.113564
5.52	1.839	 0.113252
5.68667	0.850736	 0.17565
5.68667	0.870904	 0.173814
5.68667	0.891073	 0.171929
5.68667	0.911242	 0.169999
5.68667	0.93141	 0.168026
5.68667	0.951579	 0.166012
5.68667	0.971748	 0.16396
5.68667	0.991917	 0.161872
5.68667	1.01209	 0.159752
5.68667	1.03225	 0.157601
5.68667	1.05242	 0.155421
5.68667	1.07259	 0.153216
5.68667	1.09276	 0.150988
5.68667	1.11293	 0.14874
5.68667	1.1331	 0.146484
5.68667	1.15327	 0.144237
5.68667	1.17344	 0.142015
5.68667	1.1936	 0.139836
5.68667	1.21377	 0.137717
5.68667	1.23394	 0.135674
5.68667	1.25411	 0.133724
5.68667	1.27428	 0.131885
5.68667	1.29445	 0.130173
5.68667	1.31462	 0.128604
5.68667	1.33478	 0.12718
5.68667	1.35495	 0.125892
5.68667	1.37512	 0.124731
5.68667	1.39529	 0.123686
5.68667	1.41546	 0.122749
5.68667	1.43563	 0.121909
5.68667	1.4558	 0.121157
5.68667	1.47597	 0.120483
5.68667	1.49613	 0.119877
5.68667	1.5163	 0.119331
5.68667	1.53647	 0.118834
5.68667	1.55664	 0.118377
5.68667	1.57681	 0.117951
5.68667	1.59698	 0.117544
5.68667	1.61715	 0.117149
5.68667	1.63732	 0.11676
5.68667	1.65748	 0.116376
5.68667	1.67765	 0.115998
5.68667	1.69782	 0.115627
5.68667	1.71799	 0.115263
5.68667	1.73816	 0.114906
5.68667	1.75833	 0.114558
5.68667	1.7785	 0.114217
5.68667	1.79867	 0.113886
5.68667	1.81883	 0.113564
5.68667	1.839	 0.113252
5.85333	0.850736	 0.17565
5.85333	0.870904	 0.173814
5.85333	0.891073	 0.171929
5.85333	0.911242	 0.169999
5.85333	0.93141	 0.168026
5.85333	0.951579	 0.166012
5.85333	0.971748	 0.16396
5.85333	0.991917	 0.161872
5.85333	1.01209	 0.159752
5.85333	1.03225	 0.157601
5.85333	1.05242	 0.155421
5.85333	1.07259	 0.153216
5.85333	1.09276	 0.150988
5.85333	1.11293	 0.14874
5.85333	1.1331	 0.146484
5.85333	1.15327	 0.144237
5.85333	1.17344	 0.142015
5.85333	1.1936	 0.139836
5.85333	1.21377	 0.137717
5.85333	1.23394	 0.135674
5.85333	1.25411	 0.133724
5.85333	1.27428	 0.131885
5.85333	1.29445	 0.130173
5.85333	1.31462	 0.128604
5.85333	1.33478	 0.12718
5.85333	1.35495	 0.125892
5.85333	1.37512	 0.124731
5.85333	1.39529	 0.123686
5.85333	1.41546	 0.122749
5.85333	1.43563	 0.121909
5.85333	1.4558	 0.121157
5.85333	1.47597	 0.120483
5.85333	1.49613	 0.119877
5.85333	1.5163	 0.119331
5.85333	1.53647	 0.118834
5.85333	1.55664	 0.118377
5.85333	1.57681	 0.117951
5.85333	1.59698	 0.117544
5.85333	1.61715	 0.117149
5.85333	1.63732	 0.11676
5.85333	1.65748	 0.116376
5.85333	1.67765	 0.115998
5.85333	1.69782	 0.115627
5.85333	1.71799	 0.115263
5.85333	1.73816	 0.114906
5.85333	1.75833	 0.114558
5.85333	1.7785	 0.114217
5.85333	1.79867	 0.113886
5.85333	1.81883	 0.113564
5.85333	1.839	 0.113252
6.02	0.850736	 0.17565
6.02	0.870904	 0.173814
6.02	0.891073	 0.171929
6.02	0.911242	 0.169999
6.02	0.93141	 0.168026
6.02	0.951579	 0.166012
6.02	0.971748	 0.16396
6.02	0.991917	 0.161872
6.02	1.01209	 0.159752
6.02	1.03225	 0.157601
6.02	1.05242	 0.155421
6.02	1.07259	 0.153216
6.02	1.09276	 0.150988
6.02	1.11293	 0.14874
6.02	1.1331	 0.146484
6.02	1.15327	 0.144237
6.02	1.17344	 0.142015
6.02	1.1936	 0.139836
6.02	1.21377	 0.137717
6.02	1.23394	 0.135674
6.02	1.25411	 0.133724
6.02	1.27428	 0.131885
6.02	1.29445	 0.130173
6.02	1.31462	 0.128604
6.02	1.33478	 0.12718
6.02	1.35495	 0.125892
6.02	1.37512	 0.124731
6.02	1.39529	 0.123686
6.02	1.41546	 0.122749
6.02	1.43563	 0.121909
6.02	1.4558	 0.121157
6.02	1.47597	 0.120483
6.02	1.49613	 0.119877
6.02	1.5163	 0.119331
6.02	1.53647	 0.118834
6.02	1.55664	 0.118377
6.02	1.57681	 0.117951
6.02	1.59698	 0.117544
6.02	1.61715	 0.117149
6.02	1.63732	 0.11676
6.02	1.65748	 0.116376
6.02	1.67765	 0.115998
6.02	1.69782	 0.115627
6.02	1.71799	 0.115263
6.02	1.73816	 0.114906
6.02	1.75833	 0.114558
6.02	1.7785	 0.114217
6.02	1.79867	 0.113886
6.02	1.81883	 0.113564
6.02	1.839	 0.113252
6.18667	0.850736	 0.17565
6.18667	0.870904	 0.173814
6.18667	0.891073	 0.171929
6.18667	0.911242	 0.169999
6.18667	0.93141	 0.168026
6.18667	0.951579	 0.166012
6.18667	0.971748	 0.16396
6.18667	0.991917	 0.161872
6.18667	1.01209	 0.159752
6.18667	1.03225	 0.157601
6.18667	1.05242	 0.155421
6.18667	1.07259	 0.153216
6.18667	1.09276	 0.150988
6.18667	1.11293	 0.14874
6.18667	1.1331	 0.146484
6.18667	1.15327	 0.144237
6.18667	1.17344	 0.142015
6.18667	1.1936	 0.139836
6.18667	1.21377	 0.137717
6.18667	1.23394	 0.135674
6.18667	1.25411	 0.133724
6.18667	1.27428	 0.131885
6.18667	1.29445	 0.130173
6.18667	1.31462	 0.128604
6.18667	1.33478	 0.12718
6.18667	1.35495	 0.125892
6.18667	1.37512	 0.124731
6.18667	1.39529	 0.123686
6.18667	1.41546	 0.122749
6.18667	1.43563	 0.121909
6.18667	1.4558	 0.121157
6.18667	1.47597	 0.120483
6.18667	1.49613	 0.119877
6.18667	1.5163	 0.119331
6.18667	1.53647	 0.118834
6.18667	1.55664	 0.118377
6.18667	1.57681	 0.117951
6.18667	1.59698	 0.117544
6.18667	1.61715	 0.117149
6.18667	1.63732	 0.11676
6.18667	1.65748	 0.116376
6.18667	1.67765	 0.115998
6.18667	1.69782	 0.115627
6.18667	1.71799	 0.115263
6.18667	1.73816	 0.114906
6.18667	1.75833	 0.114558
6.18667	1.7785	 0.114217
6.18667	1.79867	 0.113886
6.18667	1.81883	 0.113564
6.18667	1.839	 0.113252
6.35333	0.850736	 0.17565
6.35333	0.870904	 0.173814
6.35333	0.891073	 0.171929
6.35333	0.911242	 0.169999
6.35333	0.93141	 0.168026
6.35333	0.951579	 0.166012
6.35333	0.971748	 0.16396
6.35333	0.991917	 0.161872
6.35333	1.01209	 0.159752
6.35333	1.03225	 0.157601
6.35333	1.05242	 0.155421
6.35333	1.07259	 0.153216
6.35333	1.09276	 0.150988
6.35333	1.11293	 0.14874
6.35333	1.1331	 0.146484
6.35333	1.15327	 0.144237
6.35333	1.17344	 0.142015
6.35333	1.1936	 0.139836
6.35333	1.21377	 0.137717
6.35333	1.23394	 0.135674
6.35333	1.25411	 0.133724
6.35333	1.27428	 0.131885
6.35333	1.29445	 0.130173
6.35333	1.31462	 0.128604
6.35333	1.33478	 0.12718
6.35333	1.35495	 0.125892
6.35333	1.37512	 0.124731
6.35333	1.39529	 0.123686
6.35333	1.41546	 0.122749
6.35333	1.43563	 0.121909
6.35333	1.4558	 0.121157
6.35333	1.47597	 0.120483
6.35333	1.49613	 0.119877
6.35333	1.5163	 0.119331
6.35333	1.53647	 0.118834
6.35333	1.55664	 0.118377
6.35333	1.57681	 0.117951
6.35333	1.59698	 0.117544
6.35333	1.61715	 0.117149
6.35333	1.63732	 0.11676
6.35333	1.65748	 0.116376
6.35333	1.67765	 0.115998
6.35333	1.69782	 0.115627
6.35333	1.71799	 0.115263
6.35333	1.73816	 0.114906
6.35333	1.75833	 0.114558
6.35333	1.7785	 0.114217
6.35333	1.79867	 0.113886
6.35333	1.81883	 0.113564
6.35333	1.839	 0.113252
6.52	0.850736	 0.17565
6.52	0.870904	 0.173814
6.52	0.891073	 0.171929
6.52	0.911242	 0.169999
6.52	0.93141	 0.168026
6.52	0.951579	 0.166012
6.52	0.971748	 0.16396
6.52	0.991917	 0.161872
6.52	1.01209	 0.159752
6.52	1.03225	 0.157601
6.52	1.05242	 0.155421
6.52	1.07259	 0.153216
6.52	1.09276	 0.150988
6.52	1.11293	 0.14874
6.52	1.1331	 0.146484
6.52	1.15327	 0.144237
6.52	1.17344	 0.142015
6.52	1.1936	 0.139836
6.52	1.21377	 0.137717
6.52	1.23394	 0.135674
6.52	1.25411	 0.133724
6.52	1.27428	 0.131885
6.52	1.29445	 0.130173
6.52	1.31462	 0.128604
6.52	1.33478	 0.12718
6.52	1.35495	 0.125892
6.52	1.37512	 0.124731
6.52	1.39529	 0.123686
6.52	1.41546	 0.122749
6.52	1.43563	 0.121909
6.52	1.4558	 0.121157
6.52	1.47597	 0.120483
6.52	1.49613	 0.119877
6.52	1.5163	 0.119331
6.52	1.53647	 0.118834
6.52	1.55664	 0.118377
6.52	1.57681	 0.117951
6.52	1.59698	 0.117544
6.52	1.61715	 0.117149
6.52	1.63732	 0.11676
6.52	1.65748	 0.116376
6.52	1.67765	 0.115998
6.52	1.69782	 0.115627
6.52	1.71799	 0.115263
6.52	1.73816	 0.114906
6.52	1.75833	 0.114558
6.52	1.7785	 0.114217
6.52	1.79867	 0.113886
6.52	1.81883	 0.113564
6.52	1.839	 0.113252
6.68667	0.850736	 0.17565
6.68667	0.870904	 0.173814
6.68667	0.891073	 0.171929
6.68667	0.911242	 0.169999
6.68667	0.93141	 0.168026
6.68667	0.951579	 0.166012
6.68667	0.971748	 0.16396
6.68667	0.991917	 0.161872
6.68667	1.01209	 0.159752
6.68667	1.03225	 0.157601
6.68667	1.05242	 0.155421
6.68667	1.07259	 0.153216
6.68667	1.09276	 0.150988
6.68667	1.11293	 0.14874
6.68667	1.1331	 0.146484
6.68667	1.15327	 0.144237
6.68667	1.17344	 0.142015
6.68667	1.1936	 0.139836
6.68667	1.21377	 0.137717
6.68667	1.23394	 0.135674
6.68667	1.25411	 0.133724
6.68667	1.27428	 0.131885
6.68667	1.29445	 0.130173
6.68667	1.31462	 0.128604
6.68667	1.33478	 0.12718
6.68667	1.35495	 0.125892
6.68667	1.37512	 0.124731
6.68667	1.39529	 0.123686
6.68667	1.41546	 0.122749
6.68667	1.43563	 0.121909
6.68667	1.4558	 0.121157
6.68667	1.47597	 0.120483
6.68667	1.49613	 0.119877
6.68667	1.5163	 0.119331
6.68667	1.53647	 0.118834
6.68667	1.55664	 0.118377
6.68667	1.57681	 0.117951
6.68667	1.59698	 0.117544
6.68667	1.61715	 0.117149
6.68667	1.63732	 0.11676
6.68667	1.65748	 0.116376
6.68667	1.67765	 0.115998
6.68667	1.69782	 0.115627
6.68667	1.71799	 0.115263
6.68667	1.73816	 0.114906
6.68667	1.75833	 0.114558
6.68667	1.7785	 0.114217
6.68667	1.79867	 0.113886
6.68667	1.81883	 0.113564
6.68667	1.839	 0.113252
6.85333	0.850736	 0.17565
6.85333	0.870904	 0.173814
6.85333	0.891073	 0.171929
6.85333	0.911242	 0.169999
6.85333	0.93141	 0.168026
6.85333	0.951579	 0.166012
6.85333	0.971748	 0.16396
6.85333	0.991917	 0.161872
6.85333	1.01209	 0.159752
6.85333	1.03225	 0.157601
6.85333	1.05242	 0.155421
6.85333	1.07259	 0.153216
6.85333	1.09276	 0.150988
6.85333	1.11293	 0.14874
6.85333	1.1331	 0.146484
6.85333	1.15327	 0.144237
6.85333	1.17344	 0.142015
6.85333	1.1936	 0.139836
6.85333	1.21377	 0.137717
6.85333	1.23394	 0.135674
6.85333	1.25411	 0.133724
6.85333	1.27428	 0.131885
6.85333	1.29445	 0.130173
6.85333	1.31462	 0.128604
6.85333	1.33478	 0.12718
6.85333	1.35495	 0.125892
6.85333	1.37512	 0.124731
6.85333	1.39529	 0.123686
6.85333	1.41546	 0.122749
6.85333	1.43563	 0.121909
6.85333	1.4558	 0.121157
6.85333	1.47597	 0.120483
6.85333	1.49613	 0.119877
6.85333	1.5163	 0.119331
6.85333	1.53647	 0.118834
6.85333	1.55664	 0.118377
6.85333	1.57681	 0.117951
6.85333	1.59698	 0.117544
6.85333	1.61715	 0.117149
6.85333	1.63732	 0.11676
6.85333	1.65748	 0.116376
6.85333	1.67765	 0.115998
6.85333	1.69782	 0.115627
6.85333	1.71799	 0.115263
6.85333	1.73816	 0.114906
6.85333	1.75833	 0.114558
6.85333	1.7785	 0.114217
6.85333	1.79867	 0.113886
6.85333	1.81883	 0.113564
6.85333	1.839	 0.113252
7.02	0.850736	 0.17565
7.02	0.870904	 0.173814
7.02	0.891073	 0.171929
7.02	0.911242	 0.169999
7.02	0.93141	 0.168026
7.02	0.951579	 0.166012
7.02	0.971748	 0.16396
7.02	0.991917	 0.161872
7.02	1.01209	 0.159752
7.02	1.03225	 0.157601
7.02	1.05242	 0.155421
7.02	1.07259	 0.153216
7.02	1.09276	 0.150988
7.02	1.11293	 0.14874
7.02	1.1331	 0.146484
7.02	1.15327	 0.144237
7.02	1.17344	 0.142015
7.02	1.1936	 0.139836
7.02	1.21377	 0.137717
7.02	1.23394	 0.135674
7.02	1.25411	 0.133724
7.02	1.27428	 0.131885
7.02	1.29445	 0.130173
7.02	1.31462	 0.128604
7.02	1.33478	 0.12718
7.02	1.35495	 0.125892
7.02	1.37512	 0.124731
7.02	1.39529	 0.123686
7.02	1.41546	 0.122749
7.02	1.43563	 0.121909
7.02	1.4558	 0.121157
7.02	1.47597	 0.120483
7.02	1.49613	 0.119877
7.02	1.5163	 0.119331
7.02	1.53647	 0.118834
7.02	1.55664	 0.118377
7.02	1.57681	 0.117951
7.02	1.59698	 0.117544
7.02	1.61715	 0.117149
7.02	1.63732	 0.11676
7.02	1.65748	 0.116376
7.02	1.67765	 0.115998
7.02	1.69782	 0.115627
7.02	1.71799	 0.115263
7.02	1.73816	 0.114906
7.02	1.75833	 0.114558
7.02	1.7785	 0.114217
7.02	1.79867	 0.113886
7.02	1.81883	 0.113564
7.02	1.839	 0.113252
7.18667	0.850736	 0.17565
7.18667	0.870904	 0.173814
7.18667	0.891073	 0.171929
7.18667	0.911242	 0.169999
7.18667	0.93141	 0.168026
7.18667	0.951579	 0.166012
7.18667	0.971748	 0.16396
7.18667	0.991917	 0.161872
7.18667	1.01209	 0.159752
7.18667	1.03225	 0.157601
7.18667	1.05242	 0.155421
7.18667	1.07259	 0.153216
7.18667	1.09276	 0.150988
7.18667	1.11293	 0.14874
7.18667	1.1331	 0.146484
7.18667	1.15327	 0.144237
7.18667	1.17344	 0.142015
7.18667	1.1936	 0.139836
7.18667	1.21377	 0.137717
7.18667	1.23394	 0.135674
7.18667	1.25411	 0.133724
7.18667	1.27428	 0.131885
7.18667	1.29445	 0.130173
7.18667	1.31462	 0.128604
7.18667	1.33478	 0.12718
7.18667	1.35495	 0.125892
7.18667	1.37512	 0.124731
7.18667	1.39529	 0.123686
7.18667	1.41546	 0.122749
7.18667	1.43563	 0.121909
7.18667	1.4558	 0.121157
7.18667	1.47597	 0.120483
7.18667	1.49613	 0.119877
7.18667	1.5163	 0.119331
7.18667	1.53647	 0.118834
7.18667	1.55664	 0.118377
7.18667	1.57681	 0.117951
7.18667	1.59698	 0.117544
7.18667	1.61715	 0.117149
7.18667	1.63732	 0.11676
7.18667	1.65748	 0.116376
7.18667	1.67765	 0.115998
7.18667	1.69782	 0.115627
7.18667	1.71799	 0.115263
7.18667	1.73816	 0.114906
7.18667	1.75833	 0.114558
7.18667	1.7785	 0.114217
7.18667	1.79867	 0.113886
7.18667	1.81883	 0.113564
7.18667	1.839	 0.113252
7.35333	0.850736	 0.17565
7.35333	0.870904	 0.173814
7.35333	0.891073	 0.171929
7.35333	0.911242	 0.169999
7.35333	0.93141	 0.168026
7.35333	0.951579	 0.166012
7.35333	0.971748	 0.16396
7.35333	0.991917	 0.161872
7.35333	1.01209	 0.159752
7.35333	1.03225	 0.157601
7.35333	1.05242	 0.155421
7.35333	1.07259	 0.153216
7.35333	1.09276	 0.150988
7.35333	1.11293	 0.14874
7.35333	1.1331	 0.146484
7.35333	1.15327	 0.144237
7.35333	1.17344	 0.142015
7.35333	1.1936	 0.139836
7.35333	1.21377	 0.137717
7.35333	1.23394	 0.135674
7.35333	1.25411	 0.133724
7.35333	1.27428	 0.131885
7.35333	1.29445	 0.130173
7.35333	1.31462	 0.128604
7.35333	1.33478	 0.12718
7.35333	1.35495	 0.125892
7.35333	1.37512	 0.124731
7.35333	1.39529	 0.123686
7.35333	1.41546	 0.122749
7.35333	1.43563	 0.121909
7.35333	1.4558	 0.121157
7.35333	1.47597	 0.120483
7.35333	1.49613	 0.119877
7.35333	1.5163	 0.119331
7.35333	1.53647	 0.118834
7.35333	1.55664	 0.118377
7.35333	1.57681	 0.117951
7.35333	1.59698	 0.117544
7.35333	1.61715	 0.117149
7.35333	1.63732	 0.11676
7.35333	1.65748	 0.116376
7.35333	1.67765	 0.115998
7.35333	1.69782	 0.115627
7.35333	1.71799	 0.115263
7.35333	1.73816	 0.114906
7.35333	1.75833	 0.114558
7.35333	1.7785	 0.114217
7.35333	1.79867	 0.113886
7.35333	1.81883	 0.113564
7.35333	1.839	 0.113252
7.52	0.850736	 0.17565
7.52	0.870904	 0.173814
7.52	0.891073	 0.171929
7.52	0.911242	 0.169999
7.52	0.93141	 0.168026
7.52	0.951579	 0.166012
7.52	0.971748	 0.16396
7.52	0.991917	 0.161872
7.52	1.01209	 0.159752
7.52	1.03225	 0.157601
7.52	1.05242	 0.155421
7.52	1.07259	 0.153216
7.52	1.09276	 0.150988
7.52	1.11293	 0.14874
7.52	1.1331	 0.146484
7.52	1.15327	 0.144237
7.52	1.17344	 0.142015
7.52	1.1936	 0.139836
7.52	1.21377	 0.137717
7.52	1.23394	 0.135674
7.52	1.25411	 0.133724
7.52	1.27428	 0.131885
7.52	1.29445	 0.130173
7.52	1.31462	 0.128604
7.52	1.33478	 0.12718
7.52	1.35495	 0.125892
7.52	1.37512	 0.124731
7.52	1.39529	 0.123686
7.52	1.41546	 0.122749
7.52	1.43563	 0.121909
7.52	1.4558	 0.121157
7.52	1.47597	 0.120483
7.52	1.49613	 0.119877
7.52	1.5163	 0.119331
7.52	1.53647	 0.118834
7.52	1.55664	 0.118377
7.52	1.57681	 0.117951
7.52	1.59698	 0.117544
7.52	1.61715	 0.117149
7.52	1.63732	 0.11676
7.52	1.65748	 0.116376
7.52	1.67765	 0.115998
7.52	1.69782	 0.115627
7.52	1.71799	 0.115263
7.52	1.73816	 0.114906
7.52	1.75833	 0.114558
7.52	1.7785	 0.114217
7.52	1.79867	 0.113886
7.52	1.81883	 0.113564
7.52	1.839	 0.113252
7.68667	0.850736	 0.17565
7.68667	0.870904	 0.173814
7.68667	0.891073	 0.171929
7.68667	0.911242	 0.169999
7.68667	0.93141	 0.168026
7.68667	0.951579	 0.166012
7.68667	0.971748	 0.16396
7.68667	0.991917	 0.161872
7.68667	1.01209	 0.159752
7.68667	1.03225	 0.157601
7.68667	1.05242	 0.155421
7.68667	1.07259	 0.153216
7.68667	1.09276	 0.150988
7.68667	1.11293	 0.14874
7.68667	1.1331	 0.146484
7.68667	1.15327	 0.144237
7.68667	1.17344	 0.142015
7.68667	1.1936	 0.139836
7.68667	1.21377	 0.137717
7.68667	1.23394	 0.135674
7.68667	1.25411	 0.133724
7.68667	1.27428	 0.131885
7.68667	1.29445	 0.130173
7.68667	1.31462	 0.128604
7.68667	1.33478	 0.12718
7.68667	1.35495	 0.125892
7.68667	1.37512	 0.124731
7.68667	1.39529	 0.123686
7.68667	1.41546	 0.122749
7.68667	1.43563	 0.121909
7.68667	1.4558	 0.121157
7.68667	1.47597	 0.120483
7.68667	1.49613	 0.119877
7.68667	1.5163	 0.119331
7.68667	1.53647	 0.118834
7.68667	1.55664	 0.118377
7.68667	1.57681	 0.117951
7.68667	1.59698	 0.117544
7.68667	1.61715	 0.117149
7.68667	1.63732	 0.11676
7.68667	1.65748	 0.116376
7.68667	1.67765	 0.115998
7.68667	1.69782	 0.115627
7.68667	1.71799	 0.115263
7.68667	1.73816	 0.114906
7.68667	1.75833	 0.114558
7.68667	1.7785	 0.114217
7.68667	1.79867	 0.113886
7.68667	1.81883	 0.113564
7.68667	1.839	 0.113252
7.85333	0.850736	 0.17565
7.85333	0.870904	 0.173814
7.85333	0.891073	 0.171929
7.85333	0.911242	 0.169999
7.85333	0.93141	 0.168026
7.85333	0.951579	 0.166012
7.85333	0.971748	 0.16396
7.85333	0.991917	 0.161872
7.85333	1.01209	 0.159752
7.85333	1.03225	 0.157601
7.85333	1.05242	 0.155421
7.85333	1.07259	 0.153216
7.85333	1.09276	 0.150988
7.85333	1.11293	 0.14874
7.85333	1.1331	 0.146484
7.85333	1.15327	 0.144237
7.85333	1.17344	 0.142015
7.85333	1.1936	 0.139836
7.85333	1.21377	 0.137717
7.85333	1.23394	 0.135674
7.85333	1.25411	 0.133724
7.85333	1.27428	 0.131885
7.85333	1.29445	 0.130173
7.85333	1.31462	 0.128604
7.85333	1.33478	 0.12718
7.85333	1.35495	 0.125892
7.85333	1.37512	 0.124731
7.85333	1.39529	 0.123686
7.85333	1.41546	 0.122749
7.85333	1.43563	 0.121909
7.85333	1.4558	 0.121157
7.85333	1.47597	 0.120483
7.85333	1.49613	 0.119877
7.85333	1.5163	 0.119331
7.85333	1.53647	 0.118834
7.85333	1.55664	 0.118377
7.85333	1.57681	 0.117951
7.85333	1.59698	 0.117544
7.85333	1.61715	 0.117149
7.85333	1.63732	 0.11676
7.85333	1.65748	 0.116376
7.85333	1.67765	 0.115998
7.85333	1.69782	 0.115627
7.85333	1.71799	 0.115263
7.85333	1.73816	 0.114906
7.85333	1.75833	 0.114558
7.85333	1.7785	 0.114217
7.85333	1.79867	 0.113886
7.85333	1.81883	 0.113564
7.85333	1.839	 0.113252
8.02	0.850736	 0.17565
8.02	0.870904	 0.173814
8.02	0.891073	 0.171929
8.02	0.911242	 0.169999
8.02	0.93141	 0.168026
8.02	0.951579	 0.166012
8.02	0.971748	 0.16396
8.02	0.991917	 0.161872
8.02	1.01209	 0.159752
8.02	1.03225	 0.157601
8.02	1.05242	 0.155421
8.02	1.07259	 0.153216
8.02	1.09276	 0.150988
8.02	1.11293	 0.14874
8.02	1.1331	 0.146484
8.02	1.15327	 0.144237
8.02	1.17344	 0.142015
8.02	1.1936	 0.139836
8.02	1.21377	 0.137717
8.02	1.23394	 0.135674
8.02	1.25411	 0.133724
8.02	1.27428	 0.131885
8.02	1.29445	 0.130173
8.02	1.31462	 0.128604
8.02	1.33478	 0.12718
8.02	1.35495	 0.125892
8.02	1.37512	 0.124731
8.02	1.39529	 0.123686
8.02	1.41546	 0.122749
8.02	1.43563	 0.121909
8.02	1.4558	 0.121157
8.02	1.47597	 0.120483
8.02	1.49613	 0.119877
8.02	1.5163	 0.119331
8.02	1.53647	 0.118834
8.02	1.55664	 0.118377
8.02	1.57681	 0.117951
8.02	1.59698	 0.117544
8.02	1.61715	 0.117149
8.02	1.63732	 0.11676
8.02	1.65748	 0.116376
8.02	1.67765	 0.115998
8.02	1.69782	 0.115627
8.02	1.71799	 0.115263
8.02	1.73816	 0.114906
8.02	1.75833	 0.114558
8.02	1.7785	 0.114217
8.02	1.79867	 0.113886
8.02	1.81883	 0.113564
8.02	1.839	 0.113252
8.18667	0.850736	 0.17565
8.18667	0.870904	 0.173814
8.18667	0.891073	 0.171929
8.18667	0.911242	 0.169999
8.18667	0.93141	 0.168026
8.18667	0.951579	 0.166012
8.18667	0.971748	 0.16396
8.18667	0.991917	 0.161872
8.18667	1.01209	 0.159752
8.18667	1.03225	 0.157601
8.18667	1.05242	 0.155421
8.18667	1.07259	 0.153216
8.18667	1.09276	 0.150988
8.18667	1.11293	 0.14874
8.18667	1.1331	 0.146484
8.18667	1.15327	 0.144237
8.18667	1.17344	 0.142015
8.18667	1.1936	 0.139836
8.18667	1.21377	 0.137717
8.18667	1.23394	 0.135674
8.18667	1.25411	 0.133724
8.18667	1.27428	 0.131885
8.18667	1.29445	 0.130173
8.18667	1.31462	 0.128604
8.18667	1.33478	 0.12718
8.18667	1.35495	 0.125892
8.18667	1.37512	 0.124731
8.18667	1.39529	 0.123686
8.18667	1.41546	 0.122749
8.18667	1.43563	 0.121909
8.18667	1.4558	 0.121157
8.18667	1.47597	 0.120483
8.18667	1.49613	 0.119877
8.18667	1.5163	 0.119331
8.18667	1.53647	 0.118834
8.18667	1.55664	 0.118377
8.18667	1.57681	 0.117951
8.18667	1.59698	 0.117544
8.18667	1.61715	 0.117149
8.18667	1.63732	 0.11676
8.18667	1.65748	 0.116376
8.18667	1.67765	 0.115998
8.18667	1.69782	 0.115627
8.18667	1.71799	 0.115263
8.18667	1.73816	 0.114906
8.18667	1.75833	 0.114558
8.18667	1.7785	 0.114217
8.18667	1.79867	 0.113886
8.18667	1.81883	 0.113564
8.18667	1.839	 0.113252
8.35333	0.850736	 0.17565
8.35333	0.870904	 0.173814
8.35333	0.891073	 0.171929
8.35333	0.911242	 0.169999
8.35333	0.93141	 0.168026
8.35333	0.951579	 0.166012
8.35333	0.971748	 0.16396
8.35333	0.991917	 0.161872
8.35333	1.01209	 0.159752
8.35333	1.03225	 0.157601
8.35333	1.05242	 0.155421
8.35333	1.07259	 0.153216
8.35333	1.09276	 0.150988
8.35333	1.11293	 0.14874
8.35333	1.1331	 0.146484
8.35333	1.15327	 0.144237
8.35333	1.17344	 0.142015
8.35333	1.1936	 0.139836
8.35333	1.21377	 0.137717
8.35333	1.23394	 0.135674
8.35333	1.25411	 0.133724
8.35333	1.27428	 0.131885
8.35333	1.29445	 0.130173
8.35333	1.31462	 0.128604
8.35333	1.33478	 0.12718
8.35333	1.35495	 0.125892
8.35333	1.37512	 0.124731
8.35333	1.39529	 0.123686
8.35333	1.41546	 0.122749
8.35333	1.43563	 0.121909
8.35333	1.4558	 0.121157
8.35333	1.47597	 0.120483
8.35333	1.49613	 0.119877
8.35333	1.5163	 0.119331
8.35333	1.53647	 0.118834
8.35333	1.55664	 0.118377
8.35333	1.57681	 0.117951
8.35333	1.59698	 0.117544
8.35333	1.61715	 0.117149
8.35333	1.63732	 0.11676
8.35333	1.65748	 0.116376
8.35333	1.67765	 0.115998
8.35333	1.69782	 0.115627
8.35333	1.71799	 0.115263
8.35333	1.73816	 0.114906
8.35333	1.75833	 0.114558
8.35333	1.7785	 0.114217
8.35333	1.79867	 0.113886
8.35333	1.81883	 0.113564
8.35333	1.839	 0.113252
8.52	0.850736	 0.17565
8.52	0.870904	 0.173814
8.52	0.891073	 0.171929
8.52	0.911242	 0.169999
8.52	0.93141	 0.168026
8.52	0.951579	 0.166012
8.52	0.971748	 0.16396
8.52	0.991917	 0.161872
8.52	1.01209	 0.159752
8.52	1.03225	 0.157601
8.52	1.05242	 0.155421
8.52	1.07259	 0.153216
8.52	1.09276	 0.150988
8.52	1.11293	 0.14874
8.52	1.1331	 0.146484
8.52	1.15327	 0.144237
8.52	1.17344	 0.142015
8.52	1.1936	 0.139836
8.52	1.21377	 0.137717
8.52	1.23394	 0.135674
8.52	1.25411	 0.133724
8.52	1.27428	 0.131885
8.52	1.29445	 0.130173
8.52	1.31462	 0.128604
8.52	1.33478	 0.12718
8.52	1.35495	 0.125892
8.52	1.37512	 0.124731
8.52	1.39529	 0.123686
8.52	1.41546	 0.122749
8.52	1.43563	 0.121909
8.52	1.4558	 0.121157
8.52	1.47597	 0.120483
8.52	1.49613	 0.119877
8.52	1.5163	 0.119331
8.52	1.53647	 0.118834
8.52	1.55664	 0.118377
8.52	1.57681	 0.117951
8.52	1.59698	 0.117544
8.52	1.61715	 0.117149
8.52	1.63732	 0.11676
8.52	1.65748	 0.116376
8.52	1.67765	 0.115998
8.52	1.69782	 0.115627
8.52	1.71799	 0.115263
8.52	1.73816	 0.114906
8.52	1.75833	 0.114558
8.52	1.7785	 0.114217
8.52	1.79867	 0.113886
8.52	1.81883	 0.113564
8.52	1.839	 0.113252
8.68667	0.850736	 0.17565
8.68667	0.870904	 0.173814
8.68667	0.891073	 0.171929
8.68667	0.911242	 0.169999
8.68667	0.93141	 0.168026
8.68667	0.951579	 0.166012
8.68667	0.971748	 0.16396
8.68667	0.991917	 0.161872
8.68667	1.01209	 0.159752
8.68667	1.03225	 0.157601
8.68667	1.05242	 0.155421
8.68667	1.07259	 0.153216
8.68667	1.09276	 0.150988
8.68667	1.11293	 0.14874
8.68667	1.1331	 0.146484
8.68667	1.15327	 0.144237
8.68667	1.17344	 0.142015
8.68667	1.1936	 0.139836
8.68667	1.21377	 0.137717
8.68667	1.23394	 0.135674
8.68667	1.25411	 0.133724
8.68667	1.27428	 0.131885
8.68667	1.29445	 0.130173
8.68667	1.31462	 0.128604
8.68667	1.33478	 0.12718
8.68667	1.35495	 0.125892
8.68667	1.37512	 0.124731
8.68667	1.39529	 0.123686
8.68667	1.41546	 0.122749
8.68667	1.43563	 0.121909
8.68667	1.4558	 0.121157
8.68667	1.47597	 0.120483
8.68667	1.49613	 0.119877
8.68667	1.5163	 0.119331
8.68667	1.53647	 0.118834
8.68667	1.55664	 0.118377
8.68667	1.57681	 0.117951
8.68667	1.59698	 0.117544
8.68667	1.61715	 0.117149
8.68667	1.63732	 0.11676
8.68667	1.65748	 0.116376
8.68667	1.67765	 0.115998
8.68667	1.69782	 0.115627
8.68667	1.71799	 0.115263
8.68667	1.73816	 0.114906
8.68667	1.75833	 0.114558
8.68667	1.7785	 0.114217
8.68667	1.79867	 0.113886
8.68667	1.81883	 0.113564
8.68667	1.839	 0.113252
8.85333	0.850736	 0.17565
8.85333	0.870904	 0.173814
8.85333	0.891073	 0.171929
8.85333	0.911242	 0.169999
8.85333	0.93141	 0.168026
8.85333	0.951579	 0.166012
8.85333	0.971748	 0.16396
8.85333	0.991917	 0.161872
8.85333	1.01209	 0.159752
8.85333	1.03225	 0.157601
8.85333	1.05242	 0.155421
8.85333	1.07259	 0.153216
8.85333	1.09276	 0.150988
8.85333	1.11293	 0.14874
8.85333	1.1331	 0.146484
8.85333	1.15327	 0.144237
8.85333	1.17344	 0.142015
8.85333	1.1936	 0.139836
8.85333	1.21377	 0.137717
8.85333	1.23394	 0.135674
8.85333	1.25411	 0.133724
8.85333	1.27428	 0.131885
8.85333	1.29445	 0.130173
8.85333	1.31462	 0.128604
8.85333	1.33478	 0.12718
8.85333	1.35495	 0.125892
8.85333	1.37512	 0.124731
8.85333	1.39529	 0.123686
8.85333	1.41546	 0.122749
8.85333	1.43563	 0.121909
8.85333	1.4558	 0.121157
8.85333	1.47597	 0.120483
8.85333	1.49613	 0.119877
8.85333	1.5163	 0.119331
8.85333	1.53647	 0.118834
8.85333	1.55664	 0.118377
8.85333	1.57681	 0.117951
8.85333	1.59698	 0.117544
8.85333	1.61715	 0.117149
8.85333	1.63732	 0.11676
8.85333	1.65748	 0.116376
8.85333	1.67765	 0.115998
8.85333	1.69782	 0.115627
8.85333	1.71799	 0.115263
8.85333	1.73816	 0.114906
8.85333	1.75833	 0.114558
8.85333	1.7785	 0.114217
8.85333	1.79867	 0.113886
8.85333	1.81883	 0.113564
8.85333	1.839	 0.113252
9.02	0.850736	 0.17565
9.02	0.870904	 0.173814
9.02	0.891073	 0.171929
9.02	0.911242	 0.169999
9.02	0.93141	 0.168026
9.02	0.951579	 0.166012
9.02	0.971748	 0.16396
9.02	0.991917	 0.161872
9.02	1.01209	 0.159752
9.02	1.03225	 0.157601
9.02	1.05242	 0.155421
9.02	1.07259	 0.153216
9.02	1.09276	 0.150988
9.02	1.11293	 0.14874
9.02	1.1331	 0.146484
9.02	1.15327	 0.144237
9.02	1.17344	 0.142015
9.02	1.1936	 0.139836
9.02	1.21377	 0.137717
9.02	1.23394	 0.135674
9.02	1.25411	 0.133724
9.02	1.27428	 0.131885
9.02	1.29445	 0.130173
9.02	1.31462	 0.128604
9.02	1.33478	 0.12718
9.02	1.35495	 0.125892
9.02	1.37512	 0.124731
9.02	1.39529	 0.123686
9.02	1.41546	 0.122749
9.02	1.43563	 0.121909
9.02	1.4558	 0.121157
9.02	1.47597	 0.120483
9.02	1.49613	 0.119877
9.02	1.5163	 0.119331
9.02	1.53647	 0.118834
9.02	1.55664	 0.118377
9.02	1.57681	 0.117951
9.02	1.59698	 0.117544
9.02	1.61715	 0.117149
9.02	1.63732	 0.11676
9.02	1.65748	 0.116376
9.02	1.67765	 0.115998
9.02	1.69782	 0.115627
9.02	1.71799	 0.115263
9.02	1.73816	 0.114906
9.02	1.75833	 0.114558
9.02	1.7785	 0.114217
9.02	1.79867	 0.113886
9.02	1.81883	 0.113564
9.02	1.839	 0.113252
9.18667	0.850736	 0.17565
9.18667	0.870904	 0.173814
9.18667	0.891073	 0.171929
9.18667	0.911242	 0.169999
9.18667	0.93141	 0.168026
9.18667	0.951579	 0.166012
9.18667	0.971748	 0.16396
9.18667	0.991917	 0.161872
9.18667	1.01209	 0.159752
9.18667	1.03225	 0.157601
9.18667	1.05242	 0.155421
9.18667	1.07259	 0.153216
9.18667	1.09276	 0.150988
9.18667	1.11293	 0.14874
9.18667	1.1331	 0.146484
9.18667	1.15327	 0.144237
9.18667	1.17344	 0.142015
9.18667	1.1936	 0.139836
9.18667	1.21377	 0.137717
9.18667	1.23394	 0.135674
9.18667	1.25411	 0.133724
9.18667	1.27428	 0.131885
9.18667	1.29445	 0.130173
9.18667	1.31462	 0.128604
9.18667	1.33478	 0.12718
9.18667	1.35495	 0.125892
9.18667	1.37512	 0.124731
9.18667	1.39529	 0.123686
9.18667	1.41546	 0.122749
9.18667	1.43563	 0.121909
9.18667	1.4558	 0.121157
9.18667	1.47597	 0.120483
9.18667	1.49613	 0.119877
9.18667	1.5163	 0.119331
9.18667	1.53647	 0.118834
9.18667	1.55664	 0.118377
9.18667	1.57681	 0.117951
9.18667	1.59698	 0.117544
9.18667	1.61715	 0.117149
9.18667	1.63732	 0.11676
9.18667	1.65748	 0.116376
9.18667	1.67765	 0.115998
9.18667	1.69782	 0.115627
9.18667	1.71799	 0.115263
9.18667	1.73816	 0.114906
9.18667	1.75833	 0.114558
9.18667	1.7785	 0.114217
9.18667	1.79867	 0.113886
9.18667	1.81883	 0.113564
9.18667	1.839	 0.113252
9.35333	0.850736	 0.17565
9.35333	0.870904	 0.173814
9.35333	0.891073	 0.171929
9.35333	0.911242	 0.169999
9.35333	0.93141	 0.168026
9.35333	0.951579	 0.166012
9.35333	0.971748	 0.16396
9.35333	0.991917	 0.161872
9.35333	1.01209	 0.159752
9.35333	1.03225	 0.157601
9.35333	1.05242	 0.155421
9.35333	1.07259	 0.153216
9.35333	1.09276	 0.150988
9.35333	1.11293	 0.14874
9.35333	1.1331	 0.146484
9.35333	1.15327	 0.144237
9.35333	1.17344	 0.142015
9.35333	1.1936	 0.139836
9.35333	1.21377	 0.137717
9.35333	1.23394	 0.135674
9.35333	1.25411	 0.133724
9.35333	1.27428	 0.131885
9.35333	1.29445	 0.130173
9.35333	1.31462	 0.128604
9.35333	1.33478	 0.12718
9.35333	1.35495	 0.125892
9.35333	1.37512	 0.124731
9.35333	1.39529	 0.123686
9.35333	1.41546	 0.122749
9.35333	1.43563	 0.121909
9.35333	1.4558	 0.121157
9.35333	1.47597	 0.120483
9.35333	1.49613	 0.119877
9.35333	1.5163	 0.119331
9.35333	1.53647	 0.118834
9.35333	1.55664	 0.118377
9.35333	1.57681	 0.117951
9.35333	1.59698	 0.117544
9.35333	1.61715	 0.117149
9.35333	1.63732	 0.11676
9.35333	1.65748	 0.116376
9.35333	1.67765	 0.115998
9.35333	1.69782	 0.115627
9.35333	1.71799	 0.115263
9.35333	1.73816	 0.114906
9.35333	1.75833	 0.114558
9.35333	1.7785	 0.114217
9.35333	1.79867	 0.113886
9.35333	1.81883	 0.113564
9.35333	1.839	 0.113252
9.52	0.850736	 0.17565
9.52	0.870904	 0.173814
9.52	0.891073	 0.171929
9.52	0.911242	 0.169999
9.52	0.93141	 0.168026
9.52	0.951579	 0.166012
9.52	0.971748	 0.16396
9.52	0.991917	 0.161872
9.52	1.01209	 0.159752
9.52	1.03225	 0.157601
9.52	1.05242	 0.155421
9.52	1.07259	 0.153216
9.52	1.09276	 0.150988
9.52	1.11293	 0.14874
9.52	1.1331	 0.146484
9.52	1.15327	 0.144237
9.52	1.17344	 0.142015
9.52	1.1936	 0.139836
9.52	1.21377	 0.137717
9.52	1.23394	 0.135674
9.52	1.25411	 0.133724
9.52	1.27428	 0.131885
9.52	1.29445	 0.130173
9.52	1.31462	 0.128604
9.52	1.33478	 0.12718
9.52	1.35495	 0.125892
9.52	1.37512	 0.124731
9.52	1.39529	 0.123686
9.52	1.41546	 0.122749
9.52	1.43563	 0.121909
9.52	1.4558	 0.121157
9.52	1.47597	 0.120483
9.52	1.49613	 0.119877
9.52	1.5163	 0.119331
9.52	1.53647	 0.118834
9.52	1.55664	 0.118377
9.52	1.57681	 0.117951
9.52	1.59698	 0.117544
9.52	1.61715	 0.117149
9.52	1.63732	 0.11676
9.52	1.65748	 0.116376
9.52	1.67765	 0.115998
9.52	1.69782	 0.115627
9.52	1.71799	 0.115263
9.52	1.73816	 0.114906
9.52	1.75833	 0.114558
9.52	1.7785	 0.114217
9.52	1.79867	 0.113886
9.52	1.81883	 0.113564
9.52	1.839	 0.113252
9.68667	0.850736	 0.17565
9.68667	0.870904	 0.173814
9.68667	0.891073	 0.171929
9.68667	0.911242	 0.169999
9.68667	0.93141	 0.168026
9.68667	0.951579	 0.166012
9.68667	0.971748	 0.16396
9.68667	0.991917	 0.161872
9.68667	1.01209	 0.159752
9.68667	1.03225	 0.157601
9.68667	1.05242	 0.155421
9.68667	1.07259	 0.153216
9.68667	1.09276	 0.150988
9.68667	1.11293	 0.14874
9.68667	1.1331	 0.146484
9.68667	1.15327	 0.144237
9.68667	1.17344	 0.142015
9.68667	1.1936	 0.139836
9.68667	1.21377	 0.137717
9.68667	1.23394	 0.135674
9.68667	1.25411	 0.133724
9.68667	1.27428	 0.131885
9.68667	1.29445	 0.130173
9.68667	1.31462	 0.128604
9.68667	1.33478	 0.12718
9.68667	1.35495	 0.125892
9.68667	1.37512	 0.124731
9.68667	1.39529	 0.123686
9.68667	1.41546	 0.122749
9.68667	1.43563	 0.121909
9.68667	1.4558	 0.121157
9.68667	1.47597	 0.120483
9.68667	1.49613	 0.119877
9.68667	1.5163	 0.119331
9.68667	1.53647	 0.118834
9.68667	1.55664	 0.118377
9.68667	1.57681	 0.117951
9.68667	1.59698	 0.117544
9.68667	1.61715	 0.117149
9.68667	1.63732	 0.11676
9.68667	1.65748	 0.116376
9.68667	1.67765	 0.115998
9.68667	1.69782	 0.115627
9.68667	1.71799	 0.115263
9.68667	1.73816	 0.114906
9.68667	1.75833	 0.114558
9.68667	1.7785	 0.114217
9.68667	1.79867	 0.113886
9.68667	1.81883	 0.113564
9.68667	1.839	 0.113252
9.85333	0.850736	 0.17565
9.85333	0.870904	 0.173814
9.85333	0.891073	 0.171929
9.85333	0.911242	 0.169999
9.85333	0.93141	 0.168026
9.85333	0.951579	 0.166012
9.85333	0.971748	 0.16396
9.85333	0.991917	 0.161872
9.85333	1.01209	 0.159752
9.85333	1.03225	 0.157601
9.85333	1.05242	 0.155421
9.85333	1.07259	 0.153216
9.85333	1.09276	 0.150988
9.85333	1.11293	 0.14874
9.85333	1.1331	 0.146484
9.85333	1.15327	 0.144237
9.85333	1.17344	 0.142015
9.85333	1.1936	 0.139836
9.85333	1.21377	 0.137717
9.85333	1.23394	 0.135674
9.85333	1.25411	 0.133724
9.85333	1.27428	 0.131885
9.85333	1.29445	 0.130173
9.85333	1.31462	 0.128604
9.85333	1.33478	 0.12718
9.85333	1.35495	 0.125892
9.85333	1.37512	 0.124731
9.85333	1.39529	 0.123686
9.85333	1.41546	 0.122749
9.85333	1.43563	 0.121909
9.85333	1.4558	 0.121157
9.85333	1.47597	 0.120483
9.85333	1.49613	 0.119877
9.85333	1.5163	 0.119331
9.85333	1.53647	 0.118834
9.85333	1.55664	 0.118377
9.85333	1.57681	 0.117951
9.85333	1.59698	 0.117544
9.85333	1.61715	 0.117149
9.85333	1.63732	 0.11676
9.85333	1.65748	 0.116376
9.85333	1.67765	 0.115998
9.85333	1.69782	 0.115627
9.85333	1.71799	 0.115263
9.85333	1.73816	 0.114906
9.85333	1.75833	 0.114558
9.85333	1.7785	 0.114217
9.85333	1.79867	 0.113886
9.85333	1.81883	 0.113564
9.85333	1.839	 0.113252
