0.02	0.850736	0.144395
0.02	0.870904	0.144395
0.02	0.891073	0.144395
0.02	0.911242	0.144395
0.02	0.93141	0.144395
0.02	0.951579	0.144395
0.02	0.971748	0.144395
0.02	0.991917	0.144395
0.02	1.01209	0.144395
0.02	1.03225	0.144395
0.02	1.05242	0.144395
0.02	1.07259	0.144395
0.02	1.09276	0.144395
0.02	1.11293	0.144395
0.02	1.1331	0.144395
0.02	1.15327	0.144395
0.02	1.17344	0.144395
0.02	1.1936	0.144395
0.02	1.21377	0.144395
0.02	1.23394	0.144395
0.02	1.25411	0.144395
0.02	1.27428	0.144395
0.02	1.29445	0.144395
0.02	1.31462	0.144395
0.02	1.33478	0.144395
0.02	1.35495	0.144395
0.02	1.37512	0.144395
0.02	1.39529	0.144395
0.02	1.41546	0.144395
0.02	1.43563	0.144395
0.02	1.4558	0.144395
0.02	1.47597	0.144395
0.02	1.49613	0.144395
0.02	1.5163	0.144395
0.02	1.53647	0.144395
0.02	1.55664	0.144395
0.02	1.57681	0.144395
0.02	1.59698	0.144395
0.02	1.61715	0.144395
0.02	1.63732	0.144395
0.02	1.65748	0.144395
0.02	1.67765	0.144395
0.02	1.69782	0.144395
0.02	1.71799	0.144395
0.02	1.73816	0.144395
0.02	1.75833	0.144395
0.02	1.7785	0.144395
0.02	1.79867	0.144395
0.02	1.81883	0.144395
0.02	1.839	0.144395
0.186667	0.850736	0.144395
0.186667	0.870904	0.144395
0.186667	0.891073	0.144395
0.186667	0.911242	0.144395
0.186667	0.93141	0.144395
0.186667	0.951579	0.144395
0.186667	0.971748	0.144395
0.186667	0.991917	0.144395
0.186667	1.01209	0.144395
0.186667	1.03225	0.144395
0.186667	1.05242	0.144395
0.186667	1.07259	0.144395
0.186667	1.09276	0.144395
0.186667	1.11293	0.144395
0.186667	1.1331	0.144395
0.186667	1.15327	0.144395
0.186667	1.17344	0.144395
0.186667	1.1936	0.144395
0.186667	1.21377	0.144395
0.186667	1.23394	0.144395
0.186667	1.25411	0.144395
0.186667	1.27428	0.144395
0.186667	1.29445	0.144395
0.186667	1.31462	0.144395
0.186667	1.33478	0.144395
0.186667	1.35495	0.144395
0.186667	1.37512	0.144395
0.186667	1.39529	0.144395
0.186667	1.41546	0.144395
0.186667	1.43563	0.144395
0.186667	1.4558	0.144395
0.186667	1.47597	0.144395
0.186667	1.49613	0.144395
0.186667	1.5163	0.144395
0.186667	1.53647	0.144395
0.186667	1.55664	0.144395
0.186667	1.57681	0.144395
0.186667	1.59698	0.144395
0.186667	1.61715	0.144395
0.186667	1.63732	0.144395
0.186667	1.65748	0.144395
0.186667	1.67765	0.144395
0.186667	1.69782	0.144395
0.186667	1.71799	0.144395
0.186667	1.73816	0.144395
0.186667	1.75833	0.144395
0.186667	1.7785	0.144395
0.186667	1.79867	0.144395
0.186667	1.81883	0.144395
0.186667	1.839	0.144395
0.353333	0.850736	0.144395
0.353333	0.870904	0.144395
0.353333	0.891073	0.144395
0.353333	0.911242	0.144395
0.353333	0.93141	0.144395
0.353333	0.951579	0.144395
0.353333	0.971748	0.144395
0.353333	0.991917	0.144395
0.353333	1.01209	0.144395
0.353333	1.03225	0.144395
0.353333	1.05242	0.144395
0.353333	1.07259	0.144395
0.353333	1.09276	0.144395
0.353333	1.11293	0.144395
0.353333	1.1331	0.144395
0.353333	1.15327	0.144395
0.353333	1.17344	0.144395
0.353333	1.1936	0.144395
0.353333	1.21377	0.144395
0.353333	1.23394	0.144395
0.353333	1.25411	0.144395
0.353333	1.27428	0.144395
0.353333	1.29445	0.144395
0.353333	1.31462	0.144395
0.353333	1.33478	0.144395
0.353333	1.35495	0.144395
0.353333	1.37512	0.144395
0.353333	1.39529	0.144395
0.353333	1.41546	0.144395
0.353333	1.43563	0.144395
0.353333	1.4558	0.144395
0.353333	1.47597	0.144395
0.353333	1.49613	0.144395
0.353333	1.5163	0.144395
0.353333	1.53647	0.144395
0.353333	1.55664	0.144395
0.353333	1.57681	0.144395
0.353333	1.59698	0.144395
0.353333	1.61715	0.144395
0.353333	1.63732	0.144395
0.353333	1.65748	0.144395
0.353333	1.67765	0.144395
0.353333	1.69782	0.144395
0.353333	1.71799	0.144395
0.353333	1.73816	0.144395
0.353333	1.75833	0.144395
0.353333	1.7785	0.144395
0.353333	1.79867	0.144395
0.353333	1.81883	0.144395
0.353333	1.839	0.144395
0.52	0.850736	0.144395
0.52	0.870904	0.144395
0.52	0.891073	0.144395
0.52	0.911242	0.144395
0.52	0.93141	0.144395
0.52	0.951579	0.144395
0.52	0.971748	0.144395
0.52	0.991917	0.144395
0.52	1.01209	0.144395
0.52	1.03225	0.144395
0.52	1.05242	0.144395
0.52	1.07259	0.144395
0.52	1.09276	0.144395
0.52	1.11293	0.144395
0.52	1.1331	0.144395
0.52	1.15327	0.144395
0.52	1.17344	0.144395
0.52	1.1936	0.144395
0.52	1.21377	0.144395
0.52	1.23394	0.144395
0.52	1.25411	0.144395
0.52	1.27428	0.144395
0.52	1.29445	0.144395
0.52	1.31462	0.144395
0.52	1.33478	0.144395
0.52	1.35495	0.144395
0.52	1.37512	0.144395
0.52	1.39529	0.144395
0.52	1.41546	0.144395
0.52	1.43563	0.144395
0.52	1.4558	0.144395
0.52	1.47597	0.144395
0.52	1.49613	0.144395
0.52	1.5163	0.144395
0.52	1.53647	0.144395
0.52	1.55664	0.144395
0.52	1.57681	0.144395
0.52	1.59698	0.144395
0.52	1.61715	0.144395
0.52	1.63732	0.144395
0.52	1.65748	0.144395
0.52	1.67765	0.144395
0.52	1.69782	0.144395
0.52	1.71799	0.144395
0.52	1.73816	0.144395
0.52	1.75833	0.144395
0.52	1.7785	0.144395
0.52	1.79867	0.144395
0.52	1.81883	0.144395
0.52	1.839	0.144395
0.686667	0.850736	0.144395
0.686667	0.870904	0.144395
0.686667	0.891073	0.144395
0.686667	0.911242	0.144395
0.686667	0.93141	0.144395
0.686667	0.951579	0.144395
0.686667	0.971748	0.144395
0.686667	0.991917	0.144395
0.686667	1.01209	0.144395
0.686667	1.03225	0.144395
0.686667	1.05242	0.144395
0.686667	1.07259	0.144395
0.686667	1.09276	0.144395
0.686667	1.11293	0.144395
0.686667	1.1331	0.144395
0.686667	1.15327	0.144395
0.686667	1.17344	0.144395
0.686667	1.1936	0.144395
0.686667	1.21377	0.144395
0.686667	1.23394	0.144395
0.686667	1.25411	0.144395
0.686667	1.27428	0.144395
0.686667	1.29445	0.144395
0.686667	1.31462	0.144395
0.686667	1.33478	0.144395
0.686667	1.35495	0.144395
0.686667	1.37512	0.144395
0.686667	1.39529	0.144395
0.686667	1.41546	0.144395
0.686667	1.43563	0.144395
0.686667	1.4558	0.144395
0.686667	1.47597	0.144395
0.686667	1.49613	0.144395
0.686667	1.5163	0.144395
0.686667	1.53647	0.144395
0.686667	1.55664	0.144395
0.686667	1.57681	0.144395
0.686667	1.59698	0.144395
0.686667	1.61715	0.144395
0.686667	1.63732	0.144395
0.686667	1.65748	0.144395
0.686667	1.67765	0.144395
0.686667	1.69782	0.144395
0.686667	1.71799	0.144395
0.686667	1.73816	0.144395
0.686667	1.75833	0.144395
0.686667	1.7785	0.144395
0.686667	1.79867	0.144395
0.686667	1.81883	0.144395
0.686667	1.839	0.144395
0.853333	0.850736	0.144395
0.853333	0.870904	0.144395
0.853333	0.891073	0.144395
0.853333	0.911242	0.144395
0.853333	0.93141	0.144395
0.853333	0.951579	0.144395
0.853333	0.971748	0.144395
0.853333	0.991917	0.144395
0.853333	1.01209	0.144395
0.853333	1.03225	0.144395
0.853333	1.05242	0.144395
0.853333	1.07259	0.144395
0.853333	1.09276	0.144395
0.853333	1.11293	0.144395
0.853333	1.1331	0.144395
0.853333	1.15327	0.144395
0.853333	1.17344	0.144395
0.853333	1.1936	0.144395
0.853333	1.21377	0.144395
0.853333	1.23394	0.144395
0.853333	1.25411	0.144395
0.853333	1.27428	0.144395
0.853333	1.29445	0.144395
0.853333	1.31462	0.144395
0.853333	1.33478	0.144395
0.853333	1.35495	0.144395
0.853333	1.37512	0.144395
0.853333	1.39529	0.144395
0.853333	1.41546	0.144395
0.853333	1.43563	0.144395
0.853333	1.4558	0.144395
0.853333	1.47597	0.144395
0.853333	1.49613	0.144395
0.853333	1.5163	0.144395
0.853333	1.53647	0.144395
0.853333	1.55664	0.144395
0.853333	1.57681	0.144395
0.853333	1.59698	0.144395
0.853333	1.61715	0.144395
0.853333	1.63732	0.144395
0.853333	1.65748	0.144395
0.853333	1.67765	0.144395
0.853333	1.69782	0.144395
0.853333	1.71799	0.144395
0.853333	1.73816	0.144395
0.853333	1.75833	0.144395
0.853333	1.7785	0.144395
0.853333	1.79867	0.144395
0.853333	1.81883	0.144395
0.853333	1.839	0.144395
1.02	0.850736	0.144395
1.02	0.870904	0.144395
1.02	0.891073	0.144395
1.02	0.911242	0.144395
1.02	0.93141	0.144395
1.02	0.951579	0.144395
1.02	0.971748	0.144395
1.02	0.991917	0.144395
1.02	1.01209	0.144395
1.02	1.03225	0.144395
1.02	1.05242	0.144395
1.02	1.07259	0.144395
1.02	1.09276	0.144395
1.02	1.11293	0.144395
1.02	1.1331	0.144395
1.02	1.15327	0.144395
1.02	1.17344	0.144395
1.02	1.1936	0.144395
1.02	1.21377	0.144395
1.02	1.23394	0.144395
1.02	1.25411	0.144395
1.02	1.27428	0.144395
1.02	1.29445	0.144395
1.02	1.31462	0.144395
1.02	1.33478	0.144395
1.02	1.35495	0.144395
1.02	1.37512	0.144395
1.02	1.39529	0.144395
1.02	1.41546	0.144395
1.02	1.43563	0.144395
1.02	1.4558	0.144395
1.02	1.47597	0.144395
1.02	1.49613	0.144395
1.02	1.5163	0.144395
1.02	1.53647	0.144395
1.02	1.55664	0.144395
1.02	1.57681	0.144395
1.02	1.59698	0.144395
1.02	1.61715	0.144395
1.02	1.63732	0.144395
1.02	1.65748	0.144395
1.02	1.67765	0.144395
1.02	1.69782	0.144395
1.02	1.71799	0.144395
1.02	1.73816	0.144395
1.02	1.75833	0.144395
1.02	1.7785	0.144395
1.02	1.79867	0.144395
1.02	1.81883	0.144395
1.02	1.839	0.144395
1.18667	0.850736	0.144395
1.18667	0.870904	0.144395
1.18667	0.891073	0.144395
1.18667	0.911242	0.144395
1.18667	0.93141	0.144395
1.18667	0.951579	0.144395
1.18667	0.971748	0.144395
1.18667	0.991917	0.144395
1.18667	1.01209	0.144395
1.18667	1.03225	0.144395
1.18667	1.05242	0.144395
1.18667	1.07259	0.144395
1.18667	1.09276	0.144395
1.18667	1.11293	0.144395
1.18667	1.1331	0.144395
1.18667	1.15327	0.144395
1.18667	1.17344	0.144395
1.18667	1.1936	0.144395
1.18667	1.21377	0.144395
1.18667	1.23394	0.144395
1.18667	1.25411	0.144395
1.18667	1.27428	0.144395
1.18667	1.29445	0.144395
1.18667	1.31462	0.144395
1.18667	1.33478	0.144395
1.18667	1.35495	0.144395
1.18667	1.37512	0.144395
1.18667	1.39529	0.144395
1.18667	1.41546	0.144395
1.18667	1.43563	0.144395
1.18667	1.4558	0.144395
1.18667	1.47597	0.144395
1.18667	1.49613	0.144395
1.18667	1.5163	0.144395
1.18667	1.53647	0.144395
1.18667	1.55664	0.144395
1.18667	1.57681	0.144395
1.18667	1.59698	0.144395
1.18667	1.61715	0.144395
1.18667	1.63732	0.144395
1.18667	1.65748	0.144395
1.18667	1.67765	0.144395
1.18667	1.69782	0.144395
1.18667	1.71799	0.144395
1.18667	1.73816	0.144395
1.18667	1.75833	0.144395
1.18667	1.7785	0.144395
1.18667	1.79867	0.144395
1.18667	1.81883	0.144395
1.18667	1.839	0.144395
1.35333	0.850736	0.144395
1.35333	0.870904	0.144395
1.35333	0.891073	0.144395
1.35333	0.911242	0.144395
1.35333	0.93141	0.144395
1.35333	0.951579	0.144395
1.35333	0.971748	0.144395
1.35333	0.991917	0.144395
1.35333	1.01209	0.144395
1.35333	1.03225	0.144395
1.35333	1.05242	0.144395
1.35333	1.07259	0.144395
1.35333	1.09276	0.144395
1.35333	1.11293	0.144395
1.35333	1.1331	0.144395
1.35333	1.15327	0.144395
1.35333	1.17344	0.144395
1.35333	1.1936	0.144395
1.35333	1.21377	0.144395
1.35333	1.23394	0.144395
1.35333	1.25411	0.144395
1.35333	1.27428	0.144395
1.35333	1.29445	0.144395
1.35333	1.31462	0.144395
1.35333	1.33478	0.144395
1.35333	1.35495	0.144395
1.35333	1.37512	0.144395
1.35333	1.39529	0.144395
1.35333	1.41546	0.144395
1.35333	1.43563	0.144395
1.35333	1.4558	0.144395
1.35333	1.47597	0.144395
1.35333	1.49613	0.144395
1.35333	1.5163	0.144395
1.35333	1.53647	0.144395
1.35333	1.55664	0.144395
1.35333	1.57681	0.144395
1.35333	1.59698	0.144395
1.35333	1.61715	0.144395
1.35333	1.63732	0.144395
1.35333	1.65748	0.144395
1.35333	1.67765	0.144395
1.35333	1.69782	0.144395
1.35333	1.71799	0.144395
1.35333	1.73816	0.144395
1.35333	1.75833	0.144395
1.35333	1.7785	0.144395
1.35333	1.79867	0.144395
1.35333	1.81883	0.144395
1.35333	1.839	0.144395
1.52	0.850736	0.144395
1.52	0.870904	0.144395
1.52	0.891073	0.144395
1.52	0.911242	0.144395
1.52	0.93141	0.144395
1.52	0.951579	0.144395
1.52	0.971748	0.144395
1.52	0.991917	0.144395
1.52	1.01209	0.144395
1.52	1.03225	0.144395
1.52	1.05242	0.144395
1.52	1.07259	0.144395
1.52	1.09276	0.144395
1.52	1.11293	0.144395
1.52	1.1331	0.144395
1.52	1.15327	0.144395
1.52	1.17344	0.144395
1.52	1.1936	0.144395
1.52	1.21377	0.144395
1.52	1.23394	0.144395
1.52	1.25411	0.144395
1.52	1.27428	0.144395
1.52	1.29445	0.144395
1.52	1.31462	0.144395
1.52	1.33478	0.144395
1.52	1.35495	0.144395
1.52	1.37512	0.144395
1.52	1.39529	0.144395
1.52	1.41546	0.144395
1.52	1.43563	0.144395
1.52	1.4558	0.144395
1.52	1.47597	0.144395
1.52	1.49613	0.144395
1.52	1.5163	0.144395
1.52	1.53647	0.144395
1.52	1.55664	0.144395
1.52	1.57681	0.144395
1.52	1.59698	0.144395
1.52	1.61715	0.144395
1.52	1.63732	0.144395
1.52	1.65748	0.144395
1.52	1.67765	0.144395
1.52	1.69782	0.144395
1.52	1.71799	0.144395
1.52	1.73816	0.144395
1.52	1.75833	0.144395
1.52	1.7785	0.144395
1.52	1.79867	0.144395
1.52	1.81883	0.144395
1.52	1.839	0.144395
1.68667	0.850736	0.144395
1.68667	0.870904	0.144395
1.68667	0.891073	0.144395
1.68667	0.911242	0.144395
1.68667	0.93141	0.144395
1.68667	0.951579	0.144395
1.68667	0.971748	0.144395
1.68667	0.991917	0.144395
1.68667	1.01209	0.144395
1.68667	1.03225	0.144395
1.68667	1.05242	0.144395
1.68667	1.07259	0.144395
1.68667	1.09276	0.144395
1.68667	1.11293	0.144395
1.68667	1.1331	0.144395
1.68667	1.15327	0.144395
1.68667	1.17344	0.144395
1.68667	1.1936	0.144395
1.68667	1.21377	0.144395
1.68667	1.23394	0.144395
1.68667	1.25411	0.144395
1.68667	1.27428	0.144395
1.68667	1.29445	0.144395
1.68667	1.31462	0.144395
1.68667	1.33478	0.144395
1.68667	1.35495	0.144395
1.68667	1.37512	0.144395
1.68667	1.39529	0.144395
1.68667	1.41546	0.144395
1.68667	1.43563	0.144395
1.68667	1.4558	0.144395
1.68667	1.47597	0.144395
1.68667	1.49613	0.144395
1.68667	1.5163	0.144395
1.68667	1.53647	0.144395
1.68667	1.55664	0.144395
1.68667	1.57681	0.144395
1.68667	1.59698	0.144395
1.68667	1.61715	0.144395
1.68667	1.63732	0.144395
1.68667	1.65748	0.144395
1.68667	1.67765	0.144395
1.68667	1.69782	0.144395
1.68667	1.71799	0.144395
1.68667	1.73816	0.144395
1.68667	1.75833	0.144395
1.68667	1.7785	0.144395
1.68667	1.79867	0.144395
1.68667	1.81883	0.144395
1.68667	1.839	0.144395
1.85333	0.850736	0.144395
1.85333	0.870904	0.144395
1.85333	0.891073	0.144395
1.85333	0.911242	0.144395
1.85333	0.93141	0.144395
1.85333	0.951579	0.144395
1.85333	0.971748	0.144395
1.85333	0.991917	0.144395
1.85333	1.01209	0.144395
1.85333	1.03225	0.144395
1.85333	1.05242	0.144395
1.85333	1.07259	0.144395
1.85333	1.09276	0.144395
1.85333	1.11293	0.144395
1.85333	1.1331	0.144395
1.85333	1.15327	0.144395
1.85333	1.17344	0.144395
1.85333	1.1936	0.144395
1.85333	1.21377	0.144395
1.85333	1.23394	0.144395
1.85333	1.25411	0.144395
1.85333	1.27428	0.144395
1.85333	1.29445	0.144395
1.85333	1.31462	0.144395
1.85333	1.33478	0.144395
1.85333	1.35495	0.144395
1.85333	1.37512	0.144395
1.85333	1.39529	0.144395
1.85333	1.41546	0.144395
1.85333	1.43563	0.144395
1.85333	1.4558	0.144395
1.85333	1.47597	0.144395
1.85333	1.49613	0.144395
1.85333	1.5163	0.144395
1.85333	1.53647	0.144395
1.85333	1.55664	0.144395
1.85333	1.57681	0.144395
1.85333	1.59698	0.144395
1.85333	1.61715	0.144395
1.85333	1.63732	0.144395
1.85333	1.65748	0.144395
1.85333	1.67765	0.144395
1.85333	1.69782	0.144395
1.85333	1.71799	0.144395
1.85333	1.73816	0.144395
1.85333	1.75833	0.144395
1.85333	1.7785	0.144395
1.85333	1.79867	0.144395
1.85333	1.81883	0.144395
1.85333	1.839	0.144395
2.02	0.850736	0.144395
2.02	0.870904	0.144395
2.02	0.891073	0.144395
2.02	0.911242	0.144395
2.02	0.93141	0.144395
2.02	0.951579	0.144395
2.02	0.971748	0.144395
2.02	0.991917	0.144395
2.02	1.01209	0.144395
2.02	1.03225	0.144395
2.02	1.05242	0.144395
2.02	1.07259	0.144395
2.02	1.09276	0.144395
2.02	1.11293	0.144395
2.02	1.1331	0.144395
2.02	1.15327	0.144395
2.02	1.17344	0.144395
2.02	1.1936	0.144395
2.02	1.21377	0.144395
2.02	1.23394	0.144395
2.02	1.25411	0.144395
2.02	1.27428	0.144395
2.02	1.29445	0.144395
2.02	1.31462	0.144395
2.02	1.33478	0.144395
2.02	1.35495	0.144395
2.02	1.37512	0.144395
2.02	1.39529	0.144395
2.02	1.41546	0.144395
2.02	1.43563	0.144395
2.02	1.4558	0.144395
2.02	1.47597	0.144395
2.02	1.49613	0.144395
2.02	1.5163	0.144395
2.02	1.53647	0.144395
2.02	1.55664	0.144395
2.02	1.57681	0.144395
2.02	1.59698	0.144395
2.02	1.61715	0.144395
2.02	1.63732	0.144395
2.02	1.65748	0.144395
2.02	1.67765	0.144395
2.02	1.69782	0.144395
2.02	1.71799	0.144395
2.02	1.73816	0.144395
2.02	1.75833	0.144395
2.02	1.7785	0.144395
2.02	1.79867	0.144395
2.02	1.81883	0.144395
2.02	1.839	0.144395
2.18667	0.850736	0.144395
2.18667	0.870904	0.144395
2.18667	0.891073	0.144395
2.18667	0.911242	0.144395
2.18667	0.93141	0.144395
2.18667	0.951579	0.144395
2.18667	0.971748	0.144395
2.18667	0.991917	0.144395
2.18667	1.01209	0.144395
2.18667	1.03225	0.144395
2.18667	1.05242	0.144395
2.18667	1.07259	0.144395
2.18667	1.09276	0.144395
2.18667	1.11293	0.144395
2.18667	1.1331	0.144395
2.18667	1.15327	0.144395
2.18667	1.17344	0.144395
2.18667	1.1936	0.144395
2.18667	1.21377	0.144395
2.18667	1.23394	0.144395
2.18667	1.25411	0.144395
2.18667	1.27428	0.144395
2.18667	1.29445	0.144395
2.18667	1.31462	0.144395
2.18667	1.33478	0.144395
2.18667	1.35495	0.144395
2.18667	1.37512	0.144395
2.18667	1.39529	0.144395
2.18667	1.41546	0.144395
2.18667	1.43563	0.144395
2.18667	1.4558	0.144395
2.18667	1.47597	0.144395
2.18667	1.49613	0.144395
2.18667	1.5163	0.144395
2.18667	1.53647	0.144395
2.18667	1.55664	0.144395
2.18667	1.57681	0.144395
2.18667	1.59698	0.144395
2.18667	1.61715	0.144395
2.18667	1.63732	0.144395
2.18667	1.65748	0.144395
2.18667	1.67765	0.144395
2.18667	1.69782	0.144395
2.18667	1.71799	0.144395
2.18667	1.73816	0.144395
2.18667	1.75833	0.144395
2.18667	1.7785	0.144395
2.18667	1.79867	0.144395
2.18667	1.81883	0.144395
2.18667	1.839	0.144395
2.35333	0.850736	0.144395
2.35333	0.870904	0.144395
2.35333	0.891073	0.144395
2.35333	0.911242	0.144395
2.35333	0.93141	0.144395
2.35333	0.951579	0.144395
2.35333	0.971748	0.144395
2.35333	0.991917	0.144395
2.35333	1.01209	0.144395
2.35333	1.03225	0.144395
2.35333	1.05242	0.144395
2.35333	1.07259	0.144395
2.35333	1.09276	0.144395
2.35333	1.11293	0.144395
2.35333	1.1331	0.144395
2.35333	1.15327	0.144395
2.35333	1.17344	0.144395
2.35333	1.1936	0.144395
2.35333	1.21377	0.144395
2.35333	1.23394	0.144395
2.35333	1.25411	0.144395
2.35333	1.27428	0.144395
2.35333	1.29445	0.144395
2.35333	1.31462	0.144395
2.35333	1.33478	0.144395
2.35333	1.35495	0.144395
2.35333	1.37512	0.144395
2.35333	1.39529	0.144395
2.35333	1.41546	0.144395
2.35333	1.43563	0.144395
2.35333	1.4558	0.144395
2.35333	1.47597	0.144395
2.35333	1.49613	0.144395
2.35333	1.5163	0.144395
2.35333	1.53647	0.144395
2.35333	1.55664	0.144395
2.35333	1.57681	0.144395
2.35333	1.59698	0.144395
2.35333	1.61715	0.144395
2.35333	1.63732	0.144395
2.35333	1.65748	0.144395
2.35333	1.67765	0.144395
2.35333	1.69782	0.144395
2.35333	1.71799	0.144395
2.35333	1.73816	0.144395
2.35333	1.75833	0.144395
2.35333	1.7785	0.144395
2.35333	1.79867	0.144395
2.35333	1.81883	0.144395
2.35333	1.839	0.144395
2.52	0.850736	0.144395
2.52	0.870904	0.144395
2.52	0.891073	0.144395
2.52	0.911242	0.144395
2.52	0.93141	0.144395
2.52	0.951579	0.144395
2.52	0.971748	0.144395
2.52	0.991917	0.144395
2.52	1.01209	0.144395
2.52	1.03225	0.144395
2.52	1.05242	0.144395
2.52	1.07259	0.144395
2.52	1.09276	0.144395
2.52	1.11293	0.144395
2.52	1.1331	0.144395
2.52	1.15327	0.144395
2.52	1.17344	0.144395
2.52	1.1936	0.144395
2.52	1.21377	0.144395
2.52	1.23394	0.144395
2.52	1.25411	0.144395
2.52	1.27428	0.144395
2.52	1.29445	0.144395
2.52	1.31462	0.144395
2.52	1.33478	0.144395
2.52	1.35495	0.144395
2.52	1.37512	0.144395
2.52	1.39529	0.144395
2.52	1.41546	0.144395
2.52	1.43563	0.144395
2.52	1.4558	0.144395
2.52	1.47597	0.144395
2.52	1.49613	0.144395
2.52	1.5163	0.144395
2.52	1.53647	0.144395
2.52	1.55664	0.144395
2.52	1.57681	0.144395
2.52	1.59698	0.144395
2.52	1.61715	0.144395
2.52	1.63732	0.144395
2.52	1.65748	0.144395
2.52	1.67765	0.144395
2.52	1.69782	0.144395
2.52	1.71799	0.144395
2.52	1.73816	0.144395
2.52	1.75833	0.144395
2.52	1.7785	0.144395
2.52	1.79867	0.144395
2.52	1.81883	0.144395
2.52	1.839	0.144395
2.68667	0.850736	0.144395
2.68667	0.870904	0.144395
2.68667	0.891073	0.144395
2.68667	0.911242	0.144395
2.68667	0.93141	0.144395
2.68667	0.951579	0.144395
2.68667	0.971748	0.144395
2.68667	0.991917	0.144395
2.68667	1.01209	0.144395
2.68667	1.03225	0.144395
2.68667	1.05242	0.144395
2.68667	1.07259	0.144395
2.68667	1.09276	0.144395
2.68667	1.11293	0.144395
2.68667	1.1331	0.144395
2.68667	1.15327	0.144395
2.68667	1.17344	0.144395
2.68667	1.1936	0.144395
2.68667	1.21377	0.144395
2.68667	1.23394	0.144395
2.68667	1.25411	0.144395
2.68667	1.27428	0.144395
2.68667	1.29445	0.144395
2.68667	1.31462	0.144395
2.68667	1.33478	0.144395
2.68667	1.35495	0.144395
2.68667	1.37512	0.144395
2.68667	1.39529	0.144395
2.68667	1.41546	0.144395
2.68667	1.43563	0.144395
2.68667	1.4558	0.144395
2.68667	1.47597	0.144395
2.68667	1.49613	0.144395
2.68667	1.5163	0.144395
2.68667	1.53647	0.144395
2.68667	1.55664	0.144395
2.68667	1.57681	0.144395
2.68667	1.59698	0.144395
2.68667	1.61715	0.144395
2.68667	1.63732	0.144395
2.68667	1.65748	0.144395
2.68667	1.67765	0.144395
2.68667	1.69782	0.144395
2.68667	1.71799	0.144395
2.68667	1.73816	0.144395
2.68667	1.75833	0.144395
2.68667	1.7785	0.144395
2.68667	1.79867	0.144395
2.68667	1.81883	0.144395
2.68667	1.839	0.144395
2.85333	0.850736	0.144395
2.85333	0.870904	0.144395
2.85333	0.891073	0.144395
2.85333	0.911242	0.144395
2.85333	0.93141	0.144395
2.85333	0.951579	0.144395
2.85333	0.971748	0.144395
2.85333	0.991917	0.144395
2.85333	1.01209	0.144395
2.85333	1.03225	0.144395
2.85333	1.05242	0.144395
2.85333	1.07259	0.144395
2.85333	1.09276	0.144395
2.85333	1.11293	0.144395
2.85333	1.1331	0.144395
2.85333	1.15327	0.144395
2.85333	1.17344	0.144395
2.85333	1.1936	0.144395
2.85333	1.21377	0.144395
2.85333	1.23394	0.144395
2.85333	1.25411	0.144395
2.85333	1.27428	0.144395
2.85333	1.29445	0.144395
2.85333	1.31462	0.144395
2.85333	1.33478	0.144395
2.85333	1.35495	0.144395
2.85333	1.37512	0.144395
2.85333	1.39529	0.144395
2.85333	1.41546	0.144395
2.85333	1.43563	0.144395
2.85333	1.4558	0.144395
2.85333	1.47597	0.144395
2.85333	1.49613	0.144395
2.85333	1.5163	0.144395
2.85333	1.53647	0.144395
2.85333	1.55664	0.144395
2.85333	1.57681	0.144395
2.85333	1.59698	0.144395
2.85333	1.61715	0.144395
2.85333	1.63732	0.144395
2.85333	1.65748	0.144395
2.85333	1.67765	0.144395
2.85333	1.69782	0.144395
2.85333	1.71799	0.144395
2.85333	1.73816	0.144395
2.85333	1.75833	0.144395
2.85333	1.7785	0.144395
2.85333	1.79867	0.144395
2.85333	1.81883	0.144395
2.85333	1.839	0.144395
3.02	0.850736	0.144395
3.02	0.870904	0.144395
3.02	0.891073	0.144395
3.02	0.911242	0.144395
3.02	0.93141	0.144395
3.02	0.951579	0.144395
3.02	0.971748	0.144395
3.02	0.991917	0.144395
3.02	1.01209	0.144395
3.02	1.03225	0.144395
3.02	1.05242	0.144395
3.02	1.07259	0.144395
3.02	1.09276	0.144395
3.02	1.11293	0.144395
3.02	1.1331	0.144395
3.02	1.15327	0.144395
3.02	1.17344	0.144395
3.02	1.1936	0.144395
3.02	1.21377	0.144395
3.02	1.23394	0.144395
3.02	1.25411	0.144395
3.02	1.27428	0.144395
3.02	1.29445	0.144395
3.02	1.31462	0.144395
3.02	1.33478	0.144395
3.02	1.35495	0.144395
3.02	1.37512	0.144395
3.02	1.39529	0.144395
3.02	1.41546	0.144395
3.02	1.43563	0.144395
3.02	1.4558	0.144395
3.02	1.47597	0.144395
3.02	1.49613	0.144395
3.02	1.5163	0.144395
3.02	1.53647	0.144395
3.02	1.55664	0.144395
3.02	1.57681	0.144395
3.02	1.59698	0.144395
3.02	1.61715	0.144395
3.02	1.63732	0.144395
3.02	1.65748	0.144395
3.02	1.67765	0.144395
3.02	1.69782	0.144395
3.02	1.71799	0.144395
3.02	1.73816	0.144395
3.02	1.75833	0.144395
3.02	1.7785	0.144395
3.02	1.79867	0.144395
3.02	1.81883	0.144395
3.02	1.839	0.144395
3.18667	0.850736	0.144395
3.18667	0.870904	0.144395
3.18667	0.891073	0.144395
3.18667	0.911242	0.144395
3.18667	0.93141	0.144395
3.18667	0.951579	0.144395
3.18667	0.971748	0.144395
3.18667	0.991917	0.144395
3.18667	1.01209	0.144395
3.18667	1.03225	0.144395
3.18667	1.05242	0.144395
3.18667	1.07259	0.144395
3.18667	1.09276	0.144395
3.18667	1.11293	0.144395
3.18667	1.1331	0.144395
3.18667	1.15327	0.144395
3.18667	1.17344	0.144395
3.18667	1.1936	0.144395
3.18667	1.21377	0.144395
3.18667	1.23394	0.144395
3.18667	1.25411	0.144395
3.18667	1.27428	0.144395
3.18667	1.29445	0.144395
3.18667	1.31462	0.144395
3.18667	1.33478	0.144395
3.18667	1.35495	0.144395
3.18667	1.37512	0.144395
3.18667	1.39529	0.144395
3.18667	1.41546	0.144395
3.18667	1.43563	0.144395
3.18667	1.4558	0.144395
3.18667	1.47597	0.144395
3.18667	1.49613	0.144395
3.18667	1.5163	0.144395
3.18667	1.53647	0.144395
3.18667	1.55664	0.144395
3.18667	1.57681	0.144395
3.18667	1.59698	0.144395
3.18667	1.61715	0.144395
3.18667	1.63732	0.144395
3.18667	1.65748	0.144395
3.18667	1.67765	0.144395
3.18667	1.69782	0.144395
3.18667	1.71799	0.144395
3.18667	1.73816	0.144395
3.18667	1.75833	0.144395
3.18667	1.7785	0.144395
3.18667	1.79867	0.144395
3.18667	1.81883	0.144395
3.18667	1.839	0.144395
3.35333	0.850736	0.144395
3.35333	0.870904	0.144395
3.35333	0.891073	0.144395
3.35333	0.911242	0.144395
3.35333	0.93141	0.144395
3.35333	0.951579	0.144395
3.35333	0.971748	0.144395
3.35333	0.991917	0.144395
3.35333	1.01209	0.144395
3.35333	1.03225	0.144395
3.35333	1.05242	0.144395
3.35333	1.07259	0.144395
3.35333	1.09276	0.144395
3.35333	1.11293	0.144395
3.35333	1.1331	0.144395
3.35333	1.15327	0.144395
3.35333	1.17344	0.144395
3.35333	1.1936	0.144395
3.35333	1.21377	0.144395
3.35333	1.23394	0.144395
3.35333	1.25411	0.144395
3.35333	1.27428	0.144395
3.35333	1.29445	0.144395
3.35333	1.31462	0.144395
3.35333	1.33478	0.144395
3.35333	1.35495	0.144395
3.35333	1.37512	0.144395
3.35333	1.39529	0.144395
3.35333	1.41546	0.144395
3.35333	1.43563	0.144395
3.35333	1.4558	0.144395
3.35333	1.47597	0.144395
3.35333	1.49613	0.144395
3.35333	1.5163	0.144395
3.35333	1.53647	0.144395
3.35333	1.55664	0.144395
3.35333	1.57681	0.144395
3.35333	1.59698	0.144395
3.35333	1.61715	0.144395
3.35333	1.63732	0.144395
3.35333	1.65748	0.144395
3.35333	1.67765	0.144395
3.35333	1.69782	0.144395
3.35333	1.71799	0.144395
3.35333	1.73816	0.144395
3.35333	1.75833	0.144395
3.35333	1.7785	0.144395
3.35333	1.79867	0.144395
3.35333	1.81883	0.144395
3.35333	1.839	0.144395
3.52	0.850736	0.144395
3.52	0.870904	0.144395
3.52	0.891073	0.144395
3.52	0.911242	0.144395
3.52	0.93141	0.144395
3.52	0.951579	0.144395
3.52	0.971748	0.144395
3.52	0.991917	0.144395
3.52	1.01209	0.144395
3.52	1.03225	0.144395
3.52	1.05242	0.144395
3.52	1.07259	0.144395
3.52	1.09276	0.144395
3.52	1.11293	0.144395
3.52	1.1331	0.144395
3.52	1.15327	0.144395
3.52	1.17344	0.144395
3.52	1.1936	0.144395
3.52	1.21377	0.144395
3.52	1.23394	0.144395
3.52	1.25411	0.144395
3.52	1.27428	0.144395
3.52	1.29445	0.144395
3.52	1.31462	0.144395
3.52	1.33478	0.144395
3.52	1.35495	0.144395
3.52	1.37512	0.144395
3.52	1.39529	0.144395
3.52	1.41546	0.144395
3.52	1.43563	0.144395
3.52	1.4558	0.144395
3.52	1.47597	0.144395
3.52	1.49613	0.144395
3.52	1.5163	0.144395
3.52	1.53647	0.144395
3.52	1.55664	0.144395
3.52	1.57681	0.144395
3.52	1.59698	0.144395
3.52	1.61715	0.144395
3.52	1.63732	0.144395
3.52	1.65748	0.144395
3.52	1.67765	0.144395
3.52	1.69782	0.144395
3.52	1.71799	0.144395
3.52	1.73816	0.144395
3.52	1.75833	0.144395
3.52	1.7785	0.144395
3.52	1.79867	0.144395
3.52	1.81883	0.144395
3.52	1.839	0.144395
3.68667	0.850736	0.144395
3.68667	0.870904	0.144395
3.68667	0.891073	0.144395
3.68667	0.911242	0.144395
3.68667	0.93141	0.144395
3.68667	0.951579	0.144395
3.68667	0.971748	0.144395
3.68667	0.991917	0.144395
3.68667	1.01209	0.144395
3.68667	1.03225	0.144395
3.68667	1.05242	0.144395
3.68667	1.07259	0.144395
3.68667	1.09276	0.144395
3.68667	1.11293	0.144395
3.68667	1.1331	0.144395
3.68667	1.15327	0.144395
3.68667	1.17344	0.144395
3.68667	1.1936	0.144395
3.68667	1.21377	0.144395
3.68667	1.23394	0.144395
3.68667	1.25411	0.144395
3.68667	1.27428	0.144395
3.68667	1.29445	0.144395
3.68667	1.31462	0.144395
3.68667	1.33478	0.144395
3.68667	1.35495	0.144395
3.68667	1.37512	0.144395
3.68667	1.39529	0.144395
3.68667	1.41546	0.144395
3.68667	1.43563	0.144395
3.68667	1.4558	0.144395
3.68667	1.47597	0.144395
3.68667	1.49613	0.144395
3.68667	1.5163	0.144395
3.68667	1.53647	0.144395
3.68667	1.55664	0.144395
3.68667	1.57681	0.144395
3.68667	1.59698	0.144395
3.68667	1.61715	0.144395
3.68667	1.63732	0.144395
3.68667	1.65748	0.144395
3.68667	1.67765	0.144395
3.68667	1.69782	0.144395
3.68667	1.71799	0.144395
3.68667	1.73816	0.144395
3.68667	1.75833	0.144395
3.68667	1.7785	0.144395
3.68667	1.79867	0.144395
3.68667	1.81883	0.144395
3.68667	1.839	0.144395
3.85333	0.850736	0.144395
3.85333	0.870904	0.144395
3.85333	0.891073	0.144395
3.85333	0.911242	0.144395
3.85333	0.93141	0.144395
3.85333	0.951579	0.144395
3.85333	0.971748	0.144395
3.85333	0.991917	0.144395
3.85333	1.01209	0.144395
3.85333	1.03225	0.144395
3.85333	1.05242	0.144395
3.85333	1.07259	0.144395
3.85333	1.09276	0.144395
3.85333	1.11293	0.144395
3.85333	1.1331	0.144395
3.85333	1.15327	0.144395
3.85333	1.17344	0.144395
3.85333	1.1936	0.144395
3.85333	1.21377	0.144395
3.85333	1.23394	0.144395
3.85333	1.25411	0.144395
3.85333	1.27428	0.144395
3.85333	1.29445	0.144395
3.85333	1.31462	0.144395
3.85333	1.33478	0.144395
3.85333	1.35495	0.144395
3.85333	1.37512	0.144395
3.85333	1.39529	0.144395
3.85333	1.41546	0.144395
3.85333	1.43563	0.144395
3.85333	1.4558	0.144395
3.85333	1.47597	0.144395
3.85333	1.49613	0.144395
3.85333	1.5163	0.144395
3.85333	1.53647	0.144395
3.85333	1.55664	0.144395
3.85333	1.57681	0.144395
3.85333	1.59698	0.144395
3.85333	1.61715	0.144395
3.85333	1.63732	0.144395
3.85333	1.65748	0.144395
3.85333	1.67765	0.144395
3.85333	1.69782	0.144395
3.85333	1.71799	0.144395
3.85333	1.73816	0.144395
3.85333	1.75833	0.144395
3.85333	1.7785	0.144395
3.85333	1.79867	0.144395
3.85333	1.81883	0.144395
3.85333	1.839	0.144395
4.02	0.850736	0.144395
4.02	0.870904	0.144395
4.02	0.891073	0.144395
4.02	0.911242	0.144395
4.02	0.93141	0.144395
4.02	0.951579	0.144395
4.02	0.971748	0.144395
4.02	0.991917	0.144395
4.02	1.01209	0.144395
4.02	1.03225	0.144395
4.02	1.05242	0.144395
4.02	1.07259	0.144395
4.02	1.09276	0.144395
4.02	1.11293	0.144395
4.02	1.1331	0.144395
4.02	1.15327	0.144395
4.02	1.17344	0.144395
4.02	1.1936	0.144395
4.02	1.21377	0.144395
4.02	1.23394	0.144395
4.02	1.25411	0.144395
4.02	1.27428	0.144395
4.02	1.29445	0.144395
4.02	1.31462	0.144395
4.02	1.33478	0.144395
4.02	1.35495	0.144395
4.02	1.37512	0.144395
4.02	1.39529	0.144395
4.02	1.41546	0.144395
4.02	1.43563	0.144395
4.02	1.4558	0.144395
4.02	1.47597	0.144395
4.02	1.49613	0.144395
4.02	1.5163	0.144395
4.02	1.53647	0.144395
4.02	1.55664	0.144395
4.02	1.57681	0.144395
4.02	1.59698	0.144395
4.02	1.61715	0.144395
4.02	1.63732	0.144395
4.02	1.65748	0.144395
4.02	1.67765	0.144395
4.02	1.69782	0.144395
4.02	1.71799	0.144395
4.02	1.73816	0.144395
4.02	1.75833	0.144395
4.02	1.7785	0.144395
4.02	1.79867	0.144395
4.02	1.81883	0.144395
4.02	1.839	0.144395
4.18667	0.850736	0.144395
4.18667	0.870904	0.144395
4.18667	0.891073	0.144395
4.18667	0.911242	0.144395
4.18667	0.93141	0.144395
4.18667	0.951579	0.144395
4.18667	0.971748	0.144395
4.18667	0.991917	0.144395
4.18667	1.01209	0.144395
4.18667	1.03225	0.144395
4.18667	1.05242	0.144395
4.18667	1.07259	0.144395
4.18667	1.09276	0.144395
4.18667	1.11293	0.144395
4.18667	1.1331	0.144395
4.18667	1.15327	0.144395
4.18667	1.17344	0.144395
4.18667	1.1936	0.144395
4.18667	1.21377	0.144395
4.18667	1.23394	0.144395
4.18667	1.25411	0.144395
4.18667	1.27428	0.144395
4.18667	1.29445	0.144395
4.18667	1.31462	0.144395
4.18667	1.33478	0.144395
4.18667	1.35495	0.144395
4.18667	1.37512	0.144395
4.18667	1.39529	0.144395
4.18667	1.41546	0.144395
4.18667	1.43563	0.144395
4.18667	1.4558	0.144395
4.18667	1.47597	0.144395
4.18667	1.49613	0.144395
4.18667	1.5163	0.144395
4.18667	1.53647	0.144395
4.18667	1.55664	0.144395
4.18667	1.57681	0.144395
4.18667	1.59698	0.144395
4.18667	1.61715	0.144395
4.18667	1.63732	0.144395
4.18667	1.65748	0.144395
4.18667	1.67765	0.144395
4.18667	1.69782	0.144395
4.18667	1.71799	0.144395
4.18667	1.73816	0.144395
4.18667	1.75833	0.144395
4.18667	1.7785	0.144395
4.18667	1.79867	0.144395
4.18667	1.81883	0.144395
4.18667	1.839	0.144395
4.35333	0.850736	0.144395
4.35333	0.870904	0.144395
4.35333	0.891073	0.144395
4.35333	0.911242	0.144395
4.35333	0.93141	0.144395
4.35333	0.951579	0.144395
4.35333	0.971748	0.144395
4.35333	0.991917	0.144395
4.35333	1.01209	0.144395
4.35333	1.03225	0.144395
4.35333	1.05242	0.144395
4.35333	1.07259	0.144395
4.35333	1.09276	0.144395
4.35333	1.11293	0.144395
4.35333	1.1331	0.144395
4.35333	1.15327	0.144395
4.35333	1.17344	0.144395
4.35333	1.1936	0.144395
4.35333	1.21377	0.144395
4.35333	1.23394	0.144395
4.35333	1.25411	0.144395
4.35333	1.27428	0.144395
4.35333	1.29445	0.144395
4.35333	1.31462	0.144395
4.35333	1.33478	0.144395
4.35333	1.35495	0.144395
4.35333	1.37512	0.144395
4.35333	1.39529	0.144395
4.35333	1.41546	0.144395
4.35333	1.43563	0.144395
4.35333	1.4558	0.144395
4.35333	1.47597	0.144395
4.35333	1.49613	0.144395
4.35333	1.5163	0.144395
4.35333	1.53647	0.144395
4.35333	1.55664	0.144395
4.35333	1.57681	0.144395
4.35333	1.59698	0.144395
4.35333	1.61715	0.144395
4.35333	1.63732	0.144395
4.35333	1.65748	0.144395
4.35333	1.67765	0.144395
4.35333	1.69782	0.144395
4.35333	1.71799	0.144395
4.35333	1.73816	0.144395
4.35333	1.75833	0.144395
4.35333	1.7785	0.144395
4.35333	1.79867	0.144395
4.35333	1.81883	0.144395
4.35333	1.839	0.144395
4.52	0.850736	0.144395
4.52	0.870904	0.144395
4.52	0.891073	0.144395
4.52	0.911242	0.144395
4.52	0.93141	0.144395
4.52	0.951579	0.144395
4.52	0.971748	0.144395
4.52	0.991917	0.144395
4.52	1.01209	0.144395
4.52	1.03225	0.144395
4.52	1.05242	0.144395
4.52	1.07259	0.144395
4.52	1.09276	0.144395
4.52	1.11293	0.144395
4.52	1.1331	0.144395
4.52	1.15327	0.144395
4.52	1.17344	0.144395
4.52	1.1936	0.144395
4.52	1.21377	0.144395
4.52	1.23394	0.144395
4.52	1.25411	0.144395
4.52	1.27428	0.144395
4.52	1.29445	0.144395
4.52	1.31462	0.144395
4.52	1.33478	0.144395
4.52	1.35495	0.144395
4.52	1.37512	0.144395
4.52	1.39529	0.144395
4.52	1.41546	0.144395
4.52	1.43563	0.144395
4.52	1.4558	0.144395
4.52	1.47597	0.144395
4.52	1.49613	0.144395
4.52	1.5163	0.144395
4.52	1.53647	0.144395
4.52	1.55664	0.144395
4.52	1.57681	0.144395
4.52	1.59698	0.144395
4.52	1.61715	0.144395
4.52	1.63732	0.144395
4.52	1.65748	0.144395
4.52	1.67765	0.144395
4.52	1.69782	0.144395
4.52	1.71799	0.144395
4.52	1.73816	0.144395
4.52	1.75833	0.144395
4.52	1.7785	0.144395
4.52	1.79867	0.144395
4.52	1.81883	0.144395
4.52	1.839	0.144395
4.68667	0.850736	0.144395
4.68667	0.870904	0.144395
4.68667	0.891073	0.144395
4.68667	0.911242	0.144395
4.68667	0.93141	0.144395
4.68667	0.951579	0.144395
4.68667	0.971748	0.144395
4.68667	0.991917	0.144395
4.68667	1.01209	0.144395
4.68667	1.03225	0.144395
4.68667	1.05242	0.144395
4.68667	1.07259	0.144395
4.68667	1.09276	0.144395
4.68667	1.11293	0.144395
4.68667	1.1331	0.144395
4.68667	1.15327	0.144395
4.68667	1.17344	0.144395
4.68667	1.1936	0.144395
4.68667	1.21377	0.144395
4.68667	1.23394	0.144395
4.68667	1.25411	0.144395
4.68667	1.27428	0.144395
4.68667	1.29445	0.144395
4.68667	1.31462	0.144395
4.68667	1.33478	0.144395
4.68667	1.35495	0.144395
4.68667	1.37512	0.144395
4.68667	1.39529	0.144395
4.68667	1.41546	0.144395
4.68667	1.43563	0.144395
4.68667	1.4558	0.144395
4.68667	1.47597	0.144395
4.68667	1.49613	0.144395
4.68667	1.5163	0.144395
4.68667	1.53647	0.144395
4.68667	1.55664	0.144395
4.68667	1.57681	0.144395
4.68667	1.59698	0.144395
4.68667	1.61715	0.144395
4.68667	1.63732	0.144395
4.68667	1.65748	0.144395
4.68667	1.67765	0.144395
4.68667	1.69782	0.144395
4.68667	1.71799	0.144395
4.68667	1.73816	0.144395
4.68667	1.75833	0.144395
4.68667	1.7785	0.144395
4.68667	1.79867	0.144395
4.68667	1.81883	0.144395
4.68667	1.839	0.144395
4.85333	0.850736	0.144395
4.85333	0.870904	0.144395
4.85333	0.891073	0.144395
4.85333	0.911242	0.144395
4.85333	0.93141	0.144395
4.85333	0.951579	0.144395
4.85333	0.971748	0.144395
4.85333	0.991917	0.144395
4.85333	1.01209	0.144395
4.85333	1.03225	0.144395
4.85333	1.05242	0.144395
4.85333	1.07259	0.144395
4.85333	1.09276	0.144395
4.85333	1.11293	0.144395
4.85333	1.1331	0.144395
4.85333	1.15327	0.144395
4.85333	1.17344	0.144395
4.85333	1.1936	0.144395
4.85333	1.21377	0.144395
4.85333	1.23394	0.144395
4.85333	1.25411	0.144395
4.85333	1.27428	0.144395
4.85333	1.29445	0.144395
4.85333	1.31462	0.144395
4.85333	1.33478	0.144395
4.85333	1.35495	0.144395
4.85333	1.37512	0.144395
4.85333	1.39529	0.144395
4.85333	1.41546	0.144395
4.85333	1.43563	0.144395
4.85333	1.4558	0.144395
4.85333	1.47597	0.144395
4.85333	1.49613	0.144395
4.85333	1.5163	0.144395
4.85333	1.53647	0.144395
4.85333	1.55664	0.144395
4.85333	1.57681	0.144395
4.85333	1.59698	0.144395
4.85333	1.61715	0.144395
4.85333	1.63732	0.144395
4.85333	1.65748	0.144395
4.85333	1.67765	0.144395
4.85333	1.69782	0.144395
4.85333	1.71799	0.144395
4.85333	1.73816	0.144395
4.85333	1.75833	0.144395
4.85333	1.7785	0.144395
4.85333	1.79867	0.144395
4.85333	1.81883	0.144395
4.85333	1.839	0.144395
5.02	0.850736	0.144395
5.02	0.870904	0.144395
5.02	0.891073	0.144395
5.02	0.911242	0.144395
5.02	0.93141	0.144395
5.02	0.951579	0.144395
5.02	0.971748	0.144395
5.02	0.991917	0.144395
5.02	1.01209	0.144395
5.02	1.03225	0.144395
5.02	1.05242	0.144395
5.02	1.07259	0.144395
5.02	1.09276	0.144395
5.02	1.11293	0.144395
5.02	1.1331	0.144395
5.02	1.15327	0.144395
5.02	1.17344	0.144395
5.02	1.1936	0.144395
5.02	1.21377	0.144395
5.02	1.23394	0.144395
5.02	1.25411	0.144395
5.02	1.27428	0.144395
5.02	1.29445	0.144395
5.02	1.31462	0.144395
5.02	1.33478	0.144395
5.02	1.35495	0.144395
5.02	1.37512	0.144395
5.02	1.39529	0.144395
5.02	1.41546	0.144395
5.02	1.43563	0.144395
5.02	1.4558	0.144395
5.02	1.47597	0.144395
5.02	1.49613	0.144395
5.02	1.5163	0.144395
5.02	1.53647	0.144395
5.02	1.55664	0.144395
5.02	1.57681	0.144395
5.02	1.59698	0.144395
5.02	1.61715	0.144395
5.02	1.63732	0.144395
5.02	1.65748	0.144395
5.02	1.67765	0.144395
5.02	1.69782	0.144395
5.02	1.71799	0.144395
5.02	1.73816	0.144395
5.02	1.75833	0.144395
5.02	1.7785	0.144395
5.02	1.79867	0.144395
5.02	1.81883	0.144395
5.02	1.839	0.144395
5.18667	0.850736	0.144395
5.18667	0.870904	0.144395
5.18667	0.891073	0.144395
5.18667	0.911242	0.144395
5.18667	0.93141	0.144395
5.18667	0.951579	0.144395
5.18667	0.971748	0.144395
5.18667	0.991917	0.144395
5.18667	1.01209	0.144395
5.18667	1.03225	0.144395
5.18667	1.05242	0.144395
5.18667	1.07259	0.144395
5.18667	1.09276	0.144395
5.18667	1.11293	0.144395
5.18667	1.1331	0.144395
5.18667	1.15327	0.144395
5.18667	1.17344	0.144395
5.18667	1.1936	0.144395
5.18667	1.21377	0.144395
5.18667	1.23394	0.144395
5.18667	1.25411	0.144395
5.18667	1.27428	0.144395
5.18667	1.29445	0.144395
5.18667	1.31462	0.144395
5.18667	1.33478	0.144395
5.18667	1.35495	0.144395
5.18667	1.37512	0.144395
5.18667	1.39529	0.144395
5.18667	1.41546	0.144395
5.18667	1.43563	0.144395
5.18667	1.4558	0.144395
5.18667	1.47597	0.144395
5.18667	1.49613	0.144395
5.18667	1.5163	0.144395
5.18667	1.53647	0.144395
5.18667	1.55664	0.144395
5.18667	1.57681	0.144395
5.18667	1.59698	0.144395
5.18667	1.61715	0.144395
5.18667	1.63732	0.144395
5.18667	1.65748	0.144395
5.18667	1.67765	0.144395
5.18667	1.69782	0.144395
5.18667	1.71799	0.144395
5.18667	1.73816	0.144395
5.18667	1.75833	0.144395
5.18667	1.7785	0.144395
5.18667	1.79867	0.144395
5.18667	1.81883	0.144395
5.18667	1.839	0.144395
5.35333	0.850736	0.144395
5.35333	0.870904	0.144395
5.35333	0.891073	0.144395
5.35333	0.911242	0.144395
5.35333	0.93141	0.144395
5.35333	0.951579	0.144395
5.35333	0.971748	0.144395
5.35333	0.991917	0.144395
5.35333	1.01209	0.144395
5.35333	1.03225	0.144395
5.35333	1.05242	0.144395
5.35333	1.07259	0.144395
5.35333	1.09276	0.144395
5.35333	1.11293	0.144395
5.35333	1.1331	0.144395
5.35333	1.15327	0.144395
5.35333	1.17344	0.144395
5.35333	1.1936	0.144395
5.35333	1.21377	0.144395
5.35333	1.23394	0.144395
5.35333	1.25411	0.144395
5.35333	1.27428	0.144395
5.35333	1.29445	0.144395
5.35333	1.31462	0.144395
5.35333	1.33478	0.144395
5.35333	1.35495	0.144395
5.35333	1.37512	0.144395
5.35333	1.39529	0.144395
5.35333	1.41546	0.144395
5.35333	1.43563	0.144395
5.35333	1.4558	0.144395
5.35333	1.47597	0.144395
5.35333	1.49613	0.144395
5.35333	1.5163	0.144395
5.35333	1.53647	0.144395
5.35333	1.55664	0.144395
5.35333	1.57681	0.144395
5.35333	1.59698	0.144395
5.35333	1.61715	0.144395
5.35333	1.63732	0.144395
5.35333	1.65748	0.144395
5.35333	1.67765	0.144395
5.35333	1.69782	0.144395
5.35333	1.71799	0.144395
5.35333	1.73816	0.144395
5.35333	1.75833	0.144395
5.35333	1.7785	0.144395
5.35333	1.79867	0.144395
5.35333	1.81883	0.144395
5.35333	1.839	0.144395
5.52	0.850736	0.144395
5.52	0.870904	0.144395
5.52	0.891073	0.144395
5.52	0.911242	0.144395
5.52	0.93141	0.144395
5.52	0.951579	0.144395
5.52	0.971748	0.144395
5.52	0.991917	0.144395
5.52	1.01209	0.144395
5.52	1.03225	0.144395
5.52	1.05242	0.144395
5.52	1.07259	0.144395
5.52	1.09276	0.144395
5.52	1.11293	0.144395
5.52	1.1331	0.144395
5.52	1.15327	0.144395
5.52	1.17344	0.144395
5.52	1.1936	0.144395
5.52	1.21377	0.144395
5.52	1.23394	0.144395
5.52	1.25411	0.144395
5.52	1.27428	0.144395
5.52	1.29445	0.144395
5.52	1.31462	0.144395
5.52	1.33478	0.144395
5.52	1.35495	0.144395
5.52	1.37512	0.144395
5.52	1.39529	0.144395
5.52	1.41546	0.144395
5.52	1.43563	0.144395
5.52	1.4558	0.144395
5.52	1.47597	0.144395
5.52	1.49613	0.144395
5.52	1.5163	0.144395
5.52	1.53647	0.144395
5.52	1.55664	0.144395
5.52	1.57681	0.144395
5.52	1.59698	0.144395
5.52	1.61715	0.144395
5.52	1.63732	0.144395
5.52	1.65748	0.144395
5.52	1.67765	0.144395
5.52	1.69782	0.144395
5.52	1.71799	0.144395
5.52	1.73816	0.144395
5.52	1.75833	0.144395
5.52	1.7785	0.144395
5.52	1.79867	0.144395
5.52	1.81883	0.144395
5.52	1.839	0.144395
5.68667	0.850736	0.144395
5.68667	0.870904	0.144395
5.68667	0.891073	0.144395
5.68667	0.911242	0.144395
5.68667	0.93141	0.144395
5.68667	0.951579	0.144395
5.68667	0.971748	0.144395
5.68667	0.991917	0.144395
5.68667	1.01209	0.144395
5.68667	1.03225	0.144395
5.68667	1.05242	0.144395
5.68667	1.07259	0.144395
5.68667	1.09276	0.144395
5.68667	1.11293	0.144395
5.68667	1.1331	0.144395
5.68667	1.15327	0.144395
5.68667	1.17344	0.144395
5.68667	1.1936	0.144395
5.68667	1.21377	0.144395
5.68667	1.23394	0.144395
5.68667	1.25411	0.144395
5.68667	1.27428	0.144395
5.68667	1.29445	0.144395
5.68667	1.31462	0.144395
5.68667	1.33478	0.144395
5.68667	1.35495	0.144395
5.68667	1.37512	0.144395
5.68667	1.39529	0.144395
5.68667	1.41546	0.144395
5.68667	1.43563	0.144395
5.68667	1.4558	0.144395
5.68667	1.47597	0.144395
5.68667	1.49613	0.144395
5.68667	1.5163	0.144395
5.68667	1.53647	0.144395
5.68667	1.55664	0.144395
5.68667	1.57681	0.144395
5.68667	1.59698	0.144395
5.68667	1.61715	0.144395
5.68667	1.63732	0.144395
5.68667	1.65748	0.144395
5.68667	1.67765	0.144395
5.68667	1.69782	0.144395
5.68667	1.71799	0.144395
5.68667	1.73816	0.144395
5.68667	1.75833	0.144395
5.68667	1.7785	0.144395
5.68667	1.79867	0.144395
5.68667	1.81883	0.144395
5.68667	1.839	0.144395
5.85333	0.850736	0.144395
5.85333	0.870904	0.144395
5.85333	0.891073	0.144395
5.85333	0.911242	0.144395
5.85333	0.93141	0.144395
5.85333	0.951579	0.144395
5.85333	0.971748	0.144395
5.85333	0.991917	0.144395
5.85333	1.01209	0.144395
5.85333	1.03225	0.144395
5.85333	1.05242	0.144395
5.85333	1.07259	0.144395
5.85333	1.09276	0.144395
5.85333	1.11293	0.144395
5.85333	1.1331	0.144395
5.85333	1.15327	0.144395
5.85333	1.17344	0.144395
5.85333	1.1936	0.144395
5.85333	1.21377	0.144395
5.85333	1.23394	0.144395
5.85333	1.25411	0.144395
5.85333	1.27428	0.144395
5.85333	1.29445	0.144395
5.85333	1.31462	0.144395
5.85333	1.33478	0.144395
5.85333	1.35495	0.144395
5.85333	1.37512	0.144395
5.85333	1.39529	0.144395
5.85333	1.41546	0.144395
5.85333	1.43563	0.144395
5.85333	1.4558	0.144395
5.85333	1.47597	0.144395
5.85333	1.49613	0.144395
5.85333	1.5163	0.144395
5.85333	1.53647	0.144395
5.85333	1.55664	0.144395
5.85333	1.57681	0.144395
5.85333	1.59698	0.144395
5.85333	1.61715	0.144395
5.85333	1.63732	0.144395
5.85333	1.65748	0.144395
5.85333	1.67765	0.144395
5.85333	1.69782	0.144395
5.85333	1.71799	0.144395
5.85333	1.73816	0.144395
5.85333	1.75833	0.144395
5.85333	1.7785	0.144395
5.85333	1.79867	0.144395
5.85333	1.81883	0.144395
5.85333	1.839	0.144395
6.02	0.850736	0.144395
6.02	0.870904	0.144395
6.02	0.891073	0.144395
6.02	0.911242	0.144395
6.02	0.93141	0.144395
6.02	0.951579	0.144395
6.02	0.971748	0.144395
6.02	0.991917	0.144395
6.02	1.01209	0.144395
6.02	1.03225	0.144395
6.02	1.05242	0.144395
6.02	1.07259	0.144395
6.02	1.09276	0.144395
6.02	1.11293	0.144395
6.02	1.1331	0.144395
6.02	1.15327	0.144395
6.02	1.17344	0.144395
6.02	1.1936	0.144395
6.02	1.21377	0.144395
6.02	1.23394	0.144395
6.02	1.25411	0.144395
6.02	1.27428	0.144395
6.02	1.29445	0.144395
6.02	1.31462	0.144395
6.02	1.33478	0.144395
6.02	1.35495	0.144395
6.02	1.37512	0.144395
6.02	1.39529	0.144395
6.02	1.41546	0.144395
6.02	1.43563	0.144395
6.02	1.4558	0.144395
6.02	1.47597	0.144395
6.02	1.49613	0.144395
6.02	1.5163	0.144395
6.02	1.53647	0.144395
6.02	1.55664	0.144395
6.02	1.57681	0.144395
6.02	1.59698	0.144395
6.02	1.61715	0.144395
6.02	1.63732	0.144395
6.02	1.65748	0.144395
6.02	1.67765	0.144395
6.02	1.69782	0.144395
6.02	1.71799	0.144395
6.02	1.73816	0.144395
6.02	1.75833	0.144395
6.02	1.7785	0.144395
6.02	1.79867	0.144395
6.02	1.81883	0.144395
6.02	1.839	0.144395
6.18667	0.850736	0.144395
6.18667	0.870904	0.144395
6.18667	0.891073	0.144395
6.18667	0.911242	0.144395
6.18667	0.93141	0.144395
6.18667	0.951579	0.144395
6.18667	0.971748	0.144395
6.18667	0.991917	0.144395
6.18667	1.01209	0.144395
6.18667	1.03225	0.144395
6.18667	1.05242	0.144395
6.18667	1.07259	0.144395
6.18667	1.09276	0.144395
6.18667	1.11293	0.144395
6.18667	1.1331	0.144395
6.18667	1.15327	0.144395
6.18667	1.17344	0.144395
6.18667	1.1936	0.144395
6.18667	1.21377	0.144395
6.18667	1.23394	0.144395
6.18667	1.25411	0.144395
6.18667	1.27428	0.144395
6.18667	1.29445	0.144395
6.18667	1.31462	0.144395
6.18667	1.33478	0.144395
6.18667	1.35495	0.144395
6.18667	1.37512	0.144395
6.18667	1.39529	0.144395
6.18667	1.41546	0.144395
6.18667	1.43563	0.144395
6.18667	1.4558	0.144395
6.18667	1.47597	0.144395
6.18667	1.49613	0.144395
6.18667	1.5163	0.144395
6.18667	1.53647	0.144395
6.18667	1.55664	0.144395
6.18667	1.57681	0.144395
6.18667	1.59698	0.144395
6.18667	1.61715	0.144395
6.18667	1.63732	0.144395
6.18667	1.65748	0.144395
6.18667	1.67765	0.144395
6.18667	1.69782	0.144395
6.18667	1.71799	0.144395
6.18667	1.73816	0.144395
6.18667	1.75833	0.144395
6.18667	1.7785	0.144395
6.18667	1.79867	0.144395
6.18667	1.81883	0.144395
6.18667	1.839	0.144395
6.35333	0.850736	0.144395
6.35333	0.870904	0.144395
6.35333	0.891073	0.144395
6.35333	0.911242	0.144395
6.35333	0.93141	0.144395
6.35333	0.951579	0.144395
6.35333	0.971748	0.144395
6.35333	0.991917	0.144395
6.35333	1.01209	0.144395
6.35333	1.03225	0.144395
6.35333	1.05242	0.144395
6.35333	1.07259	0.144395
6.35333	1.09276	0.144395
6.35333	1.11293	0.144395
6.35333	1.1331	0.144395
6.35333	1.15327	0.144395
6.35333	1.17344	0.144395
6.35333	1.1936	0.144395
6.35333	1.21377	0.144395
6.35333	1.23394	0.144395
6.35333	1.25411	0.144395
6.35333	1.27428	0.144395
6.35333	1.29445	0.144395
6.35333	1.31462	0.144395
6.35333	1.33478	0.144395
6.35333	1.35495	0.144395
6.35333	1.37512	0.144395
6.35333	1.39529	0.144395
6.35333	1.41546	0.144395
6.35333	1.43563	0.144395
6.35333	1.4558	0.144395
6.35333	1.47597	0.144395
6.35333	1.49613	0.144395
6.35333	1.5163	0.144395
6.35333	1.53647	0.144395
6.35333	1.55664	0.144395
6.35333	1.57681	0.144395
6.35333	1.59698	0.144395
6.35333	1.61715	0.144395
6.35333	1.63732	0.144395
6.35333	1.65748	0.144395
6.35333	1.67765	0.144395
6.35333	1.69782	0.144395
6.35333	1.71799	0.144395
6.35333	1.73816	0.144395
6.35333	1.75833	0.144395
6.35333	1.7785	0.144395
6.35333	1.79867	0.144395
6.35333	1.81883	0.144395
6.35333	1.839	0.144395
6.52	0.850736	0.144395
6.52	0.870904	0.144395
6.52	0.891073	0.144395
6.52	0.911242	0.144395
6.52	0.93141	0.144395
6.52	0.951579	0.144395
6.52	0.971748	0.144395
6.52	0.991917	0.144395
6.52	1.01209	0.144395
6.52	1.03225	0.144395
6.52	1.05242	0.144395
6.52	1.07259	0.144395
6.52	1.09276	0.144395
6.52	1.11293	0.144395
6.52	1.1331	0.144395
6.52	1.15327	0.144395
6.52	1.17344	0.144395
6.52	1.1936	0.144395
6.52	1.21377	0.144395
6.52	1.23394	0.144395
6.52	1.25411	0.144395
6.52	1.27428	0.144395
6.52	1.29445	0.144395
6.52	1.31462	0.144395
6.52	1.33478	0.144395
6.52	1.35495	0.144395
6.52	1.37512	0.144395
6.52	1.39529	0.144395
6.52	1.41546	0.144395
6.52	1.43563	0.144395
6.52	1.4558	0.144395
6.52	1.47597	0.144395
6.52	1.49613	0.144395
6.52	1.5163	0.144395
6.52	1.53647	0.144395
6.52	1.55664	0.144395
6.52	1.57681	0.144395
6.52	1.59698	0.144395
6.52	1.61715	0.144395
6.52	1.63732	0.144395
6.52	1.65748	0.144395
6.52	1.67765	0.144395
6.52	1.69782	0.144395
6.52	1.71799	0.144395
6.52	1.73816	0.144395
6.52	1.75833	0.144395
6.52	1.7785	0.144395
6.52	1.79867	0.144395
6.52	1.81883	0.144395
6.52	1.839	0.144395
6.68667	0.850736	0.144395
6.68667	0.870904	0.144395
6.68667	0.891073	0.144395
6.68667	0.911242	0.144395
6.68667	0.93141	0.144395
6.68667	0.951579	0.144395
6.68667	0.971748	0.144395
6.68667	0.991917	0.144395
6.68667	1.01209	0.144395
6.68667	1.03225	0.144395
6.68667	1.05242	0.144395
6.68667	1.07259	0.144395
6.68667	1.09276	0.144395
6.68667	1.11293	0.144395
6.68667	1.1331	0.144395
6.68667	1.15327	0.144395
6.68667	1.17344	0.144395
6.68667	1.1936	0.144395
6.68667	1.21377	0.144395
6.68667	1.23394	0.144395
6.68667	1.25411	0.144395
6.68667	1.27428	0.144395
6.68667	1.29445	0.144395
6.68667	1.31462	0.144395
6.68667	1.33478	0.144395
6.68667	1.35495	0.144395
6.68667	1.37512	0.144395
6.68667	1.39529	0.144395
6.68667	1.41546	0.144395
6.68667	1.43563	0.144395
6.68667	1.4558	0.144395
6.68667	1.47597	0.144395
6.68667	1.49613	0.144395
6.68667	1.5163	0.144395
6.68667	1.53647	0.144395
6.68667	1.55664	0.144395
6.68667	1.57681	0.144395
6.68667	1.59698	0.144395
6.68667	1.61715	0.144395
6.68667	1.63732	0.144395
6.68667	1.65748	0.144395
6.68667	1.67765	0.144395
6.68667	1.69782	0.144395
6.68667	1.71799	0.144395
6.68667	1.73816	0.144395
6.68667	1.75833	0.144395
6.68667	1.7785	0.144395
6.68667	1.79867	0.144395
6.68667	1.81883	0.144395
6.68667	1.839	0.144395
6.85333	0.850736	0.144395
6.85333	0.870904	0.144395
6.85333	0.891073	0.144395
6.85333	0.911242	0.144395
6.85333	0.93141	0.144395
6.85333	0.951579	0.144395
6.85333	0.971748	0.144395
6.85333	0.991917	0.144395
6.85333	1.01209	0.144395
6.85333	1.03225	0.144395
6.85333	1.05242	0.144395
6.85333	1.07259	0.144395
6.85333	1.09276	0.144395
6.85333	1.11293	0.144395
6.85333	1.1331	0.144395
6.85333	1.15327	0.144395
6.85333	1.17344	0.144395
6.85333	1.1936	0.144395
6.85333	1.21377	0.144395
6.85333	1.23394	0.144395
6.85333	1.25411	0.144395
6.85333	1.27428	0.144395
6.85333	1.29445	0.144395
6.85333	1.31462	0.144395
6.85333	1.33478	0.144395
6.85333	1.35495	0.144395
6.85333	1.37512	0.144395
6.85333	1.39529	0.144395
6.85333	1.41546	0.144395
6.85333	1.43563	0.144395
6.85333	1.4558	0.144395
6.85333	1.47597	0.144395
6.85333	1.49613	0.144395
6.85333	1.5163	0.144395
6.85333	1.53647	0.144395
6.85333	1.55664	0.144395
6.85333	1.57681	0.144395
6.85333	1.59698	0.144395
6.85333	1.61715	0.144395
6.85333	1.63732	0.144395
6.85333	1.65748	0.144395
6.85333	1.67765	0.144395
6.85333	1.69782	0.144395
6.85333	1.71799	0.144395
6.85333	1.73816	0.144395
6.85333	1.75833	0.144395
6.85333	1.7785	0.144395
6.85333	1.79867	0.144395
6.85333	1.81883	0.144395
6.85333	1.839	0.144395
7.02	0.850736	0.144395
7.02	0.870904	0.144395
7.02	0.891073	0.144395
7.02	0.911242	0.144395
7.02	0.93141	0.144395
7.02	0.951579	0.144395
7.02	0.971748	0.144395
7.02	0.991917	0.144395
7.02	1.01209	0.144395
7.02	1.03225	0.144395
7.02	1.05242	0.144395
7.02	1.07259	0.144395
7.02	1.09276	0.144395
7.02	1.11293	0.144395
7.02	1.1331	0.144395
7.02	1.15327	0.144395
7.02	1.17344	0.144395
7.02	1.1936	0.144395
7.02	1.21377	0.144395
7.02	1.23394	0.144395
7.02	1.25411	0.144395
7.02	1.27428	0.144395
7.02	1.29445	0.144395
7.02	1.31462	0.144395
7.02	1.33478	0.144395
7.02	1.35495	0.144395
7.02	1.37512	0.144395
7.02	1.39529	0.144395
7.02	1.41546	0.144395
7.02	1.43563	0.144395
7.02	1.4558	0.144395
7.02	1.47597	0.144395
7.02	1.49613	0.144395
7.02	1.5163	0.144395
7.02	1.53647	0.144395
7.02	1.55664	0.144395
7.02	1.57681	0.144395
7.02	1.59698	0.144395
7.02	1.61715	0.144395
7.02	1.63732	0.144395
7.02	1.65748	0.144395
7.02	1.67765	0.144395
7.02	1.69782	0.144395
7.02	1.71799	0.144395
7.02	1.73816	0.144395
7.02	1.75833	0.144395
7.02	1.7785	0.144395
7.02	1.79867	0.144395
7.02	1.81883	0.144395
7.02	1.839	0.144395
7.18667	0.850736	0.144395
7.18667	0.870904	0.144395
7.18667	0.891073	0.144395
7.18667	0.911242	0.144395
7.18667	0.93141	0.144395
7.18667	0.951579	0.144395
7.18667	0.971748	0.144395
7.18667	0.991917	0.144395
7.18667	1.01209	0.144395
7.18667	1.03225	0.144395
7.18667	1.05242	0.144395
7.18667	1.07259	0.144395
7.18667	1.09276	0.144395
7.18667	1.11293	0.144395
7.18667	1.1331	0.144395
7.18667	1.15327	0.144395
7.18667	1.17344	0.144395
7.18667	1.1936	0.144395
7.18667	1.21377	0.144395
7.18667	1.23394	0.144395
7.18667	1.25411	0.144395
7.18667	1.27428	0.144395
7.18667	1.29445	0.144395
7.18667	1.31462	0.144395
7.18667	1.33478	0.144395
7.18667	1.35495	0.144395
7.18667	1.37512	0.144395
7.18667	1.39529	0.144395
7.18667	1.41546	0.144395
7.18667	1.43563	0.144395
7.18667	1.4558	0.144395
7.18667	1.47597	0.144395
7.18667	1.49613	0.144395
7.18667	1.5163	0.144395
7.18667	1.53647	0.144395
7.18667	1.55664	0.144395
7.18667	1.57681	0.144395
7.18667	1.59698	0.144395
7.18667	1.61715	0.144395
7.18667	1.63732	0.144395
7.18667	1.65748	0.144395
7.18667	1.67765	0.144395
7.18667	1.69782	0.144395
7.18667	1.71799	0.144395
7.18667	1.73816	0.144395
7.18667	1.75833	0.144395
7.18667	1.7785	0.144395
7.18667	1.79867	0.144395
7.18667	1.81883	0.144395
7.18667	1.839	0.144395
7.35333	0.850736	0.144395
7.35333	0.870904	0.144395
7.35333	0.891073	0.144395
7.35333	0.911242	0.144395
7.35333	0.93141	0.144395
7.35333	0.951579	0.144395
7.35333	0.971748	0.144395
7.35333	0.991917	0.144395
7.35333	1.01209	0.144395
7.35333	1.03225	0.144395
7.35333	1.05242	0.144395
7.35333	1.07259	0.144395
7.35333	1.09276	0.144395
7.35333	1.11293	0.144395
7.35333	1.1331	0.144395
7.35333	1.15327	0.144395
7.35333	1.17344	0.144395
7.35333	1.1936	0.144395
7.35333	1.21377	0.144395
7.35333	1.23394	0.144395
7.35333	1.25411	0.144395
7.35333	1.27428	0.144395
7.35333	1.29445	0.144395
7.35333	1.31462	0.144395
7.35333	1.33478	0.144395
7.35333	1.35495	0.144395
7.35333	1.37512	0.144395
7.35333	1.39529	0.144395
7.35333	1.41546	0.144395
7.35333	1.43563	0.144395
7.35333	1.4558	0.144395
7.35333	1.47597	0.144395
7.35333	1.49613	0.144395
7.35333	1.5163	0.144395
7.35333	1.53647	0.144395
7.35333	1.55664	0.144395
7.35333	1.57681	0.144395
7.35333	1.59698	0.144395
7.35333	1.61715	0.144395
7.35333	1.63732	0.144395
7.35333	1.65748	0.144395
7.35333	1.67765	0.144395
7.35333	1.69782	0.144395
7.35333	1.71799	0.144395
7.35333	1.73816	0.144395
7.35333	1.75833	0.144395
7.35333	1.7785	0.144395
7.35333	1.79867	0.144395
7.35333	1.81883	0.144395
7.35333	1.839	0.144395
7.52	0.850736	0.144395
7.52	0.870904	0.144395
7.52	0.891073	0.144395
7.52	0.911242	0.144395
7.52	0.93141	0.144395
7.52	0.951579	0.144395
7.52	0.971748	0.144395
7.52	0.991917	0.144395
7.52	1.01209	0.144395
7.52	1.03225	0.144395
7.52	1.05242	0.144395
7.52	1.07259	0.144395
7.52	1.09276	0.144395
7.52	1.11293	0.144395
7.52	1.1331	0.144395
7.52	1.15327	0.144395
7.52	1.17344	0.144395
7.52	1.1936	0.144395
7.52	1.21377	0.144395
7.52	1.23394	0.144395
7.52	1.25411	0.144395
7.52	1.27428	0.144395
7.52	1.29445	0.144395
7.52	1.31462	0.144395
7.52	1.33478	0.144395
7.52	1.35495	0.144395
7.52	1.37512	0.144395
7.52	1.39529	0.144395
7.52	1.41546	0.144395
7.52	1.43563	0.144395
7.52	1.4558	0.144395
7.52	1.47597	0.144395
7.52	1.49613	0.144395
7.52	1.5163	0.144395
7.52	1.53647	0.144395
7.52	1.55664	0.144395
7.52	1.57681	0.144395
7.52	1.59698	0.144395
7.52	1.61715	0.144395
7.52	1.63732	0.144395
7.52	1.65748	0.144395
7.52	1.67765	0.144395
7.52	1.69782	0.144395
7.52	1.71799	0.144395
7.52	1.73816	0.144395
7.52	1.75833	0.144395
7.52	1.7785	0.144395
7.52	1.79867	0.144395
7.52	1.81883	0.144395
7.52	1.839	0.144395
7.68667	0.850736	0.144395
7.68667	0.870904	0.144395
7.68667	0.891073	0.144395
7.68667	0.911242	0.144395
7.68667	0.93141	0.144395
7.68667	0.951579	0.144395
7.68667	0.971748	0.144395
7.68667	0.991917	0.144395
7.68667	1.01209	0.144395
7.68667	1.03225	0.144395
7.68667	1.05242	0.144395
7.68667	1.07259	0.144395
7.68667	1.09276	0.144395
7.68667	1.11293	0.144395
7.68667	1.1331	0.144395
7.68667	1.15327	0.144395
7.68667	1.17344	0.144395
7.68667	1.1936	0.144395
7.68667	1.21377	0.144395
7.68667	1.23394	0.144395
7.68667	1.25411	0.144395
7.68667	1.27428	0.144395
7.68667	1.29445	0.144395
7.68667	1.31462	0.144395
7.68667	1.33478	0.144395
7.68667	1.35495	0.144395
7.68667	1.37512	0.144395
7.68667	1.39529	0.144395
7.68667	1.41546	0.144395
7.68667	1.43563	0.144395
7.68667	1.4558	0.144395
7.68667	1.47597	0.144395
7.68667	1.49613	0.144395
7.68667	1.5163	0.144395
7.68667	1.53647	0.144395
7.68667	1.55664	0.144395
7.68667	1.57681	0.144395
7.68667	1.59698	0.144395
7.68667	1.61715	0.144395
7.68667	1.63732	0.144395
7.68667	1.65748	0.144395
7.68667	1.67765	0.144395
7.68667	1.69782	0.144395
7.68667	1.71799	0.144395
7.68667	1.73816	0.144395
7.68667	1.75833	0.144395
7.68667	1.7785	0.144395
7.68667	1.79867	0.144395
7.68667	1.81883	0.144395
7.68667	1.839	0.144395
7.85333	0.850736	0.144395
7.85333	0.870904	0.144395
7.85333	0.891073	0.144395
7.85333	0.911242	0.144395
7.85333	0.93141	0.144395
7.85333	0.951579	0.144395
7.85333	0.971748	0.144395
7.85333	0.991917	0.144395
7.85333	1.01209	0.144395
7.85333	1.03225	0.144395
7.85333	1.05242	0.144395
7.85333	1.07259	0.144395
7.85333	1.09276	0.144395
7.85333	1.11293	0.144395
7.85333	1.1331	0.144395
7.85333	1.15327	0.144395
7.85333	1.17344	0.144395
7.85333	1.1936	0.144395
7.85333	1.21377	0.144395
7.85333	1.23394	0.144395
7.85333	1.25411	0.144395
7.85333	1.27428	0.144395
7.85333	1.29445	0.144395
7.85333	1.31462	0.144395
7.85333	1.33478	0.144395
7.85333	1.35495	0.144395
7.85333	1.37512	0.144395
7.85333	1.39529	0.144395
7.85333	1.41546	0.144395
7.85333	1.43563	0.144395
7.85333	1.4558	0.144395
7.85333	1.47597	0.144395
7.85333	1.49613	0.144395
7.85333	1.5163	0.144395
7.85333	1.53647	0.144395
7.85333	1.55664	0.144395
7.85333	1.57681	0.144395
7.85333	1.59698	0.144395
7.85333	1.61715	0.144395
7.85333	1.63732	0.144395
7.85333	1.65748	0.144395
7.85333	1.67765	0.144395
7.85333	1.69782	0.144395
7.85333	1.71799	0.144395
7.85333	1.73816	0.144395
7.85333	1.75833	0.144395
7.85333	1.7785	0.144395
7.85333	1.79867	0.144395
7.85333	1.81883	0.144395
7.85333	1.839	0.144395
8.02	0.850736	0.144395
8.02	0.870904	0.144395
8.02	0.891073	0.144395
8.02	0.911242	0.144395
8.02	0.93141	0.144395
8.02	0.951579	0.144395
8.02	0.971748	0.144395
8.02	0.991917	0.144395
8.02	1.01209	0.144395
8.02	1.03225	0.144395
8.02	1.05242	0.144395
8.02	1.07259	0.144395
8.02	1.09276	0.144395
8.02	1.11293	0.144395
8.02	1.1331	0.144395
8.02	1.15327	0.144395
8.02	1.17344	0.144395
8.02	1.1936	0.144395
8.02	1.21377	0.144395
8.02	1.23394	0.144395
8.02	1.25411	0.144395
8.02	1.27428	0.144395
8.02	1.29445	0.144395
8.02	1.31462	0.144395
8.02	1.33478	0.144395
8.02	1.35495	0.144395
8.02	1.37512	0.144395
8.02	1.39529	0.144395
8.02	1.41546	0.144395
8.02	1.43563	0.144395
8.02	1.4558	0.144395
8.02	1.47597	0.144395
8.02	1.49613	0.144395
8.02	1.5163	0.144395
8.02	1.53647	0.144395
8.02	1.55664	0.144395
8.02	1.57681	0.144395
8.02	1.59698	0.144395
8.02	1.61715	0.144395
8.02	1.63732	0.144395
8.02	1.65748	0.144395
8.02	1.67765	0.144395
8.02	1.69782	0.144395
8.02	1.71799	0.144395
8.02	1.73816	0.144395
8.02	1.75833	0.144395
8.02	1.7785	0.144395
8.02	1.79867	0.144395
8.02	1.81883	0.144395
8.02	1.839	0.144395
8.18667	0.850736	0.144395
8.18667	0.870904	0.144395
8.18667	0.891073	0.144395
8.18667	0.911242	0.144395
8.18667	0.93141	0.144395
8.18667	0.951579	0.144395
8.18667	0.971748	0.144395
8.18667	0.991917	0.144395
8.18667	1.01209	0.144395
8.18667	1.03225	0.144395
8.18667	1.05242	0.144395
8.18667	1.07259	0.144395
8.18667	1.09276	0.144395
8.18667	1.11293	0.144395
8.18667	1.1331	0.144395
8.18667	1.15327	0.144395
8.18667	1.17344	0.144395
8.18667	1.1936	0.144395
8.18667	1.21377	0.144395
8.18667	1.23394	0.144395
8.18667	1.25411	0.144395
8.18667	1.27428	0.144395
8.18667	1.29445	0.144395
8.18667	1.31462	0.144395
8.18667	1.33478	0.144395
8.18667	1.35495	0.144395
8.18667	1.37512	0.144395
8.18667	1.39529	0.144395
8.18667	1.41546	0.144395
8.18667	1.43563	0.144395
8.18667	1.4558	0.144395
8.18667	1.47597	0.144395
8.18667	1.49613	0.144395
8.18667	1.5163	0.144395
8.18667	1.53647	0.144395
8.18667	1.55664	0.144395
8.18667	1.57681	0.144395
8.18667	1.59698	0.144395
8.18667	1.61715	0.144395
8.18667	1.63732	0.144395
8.18667	1.65748	0.144395
8.18667	1.67765	0.144395
8.18667	1.69782	0.144395
8.18667	1.71799	0.144395
8.18667	1.73816	0.144395
8.18667	1.75833	0.144395
8.18667	1.7785	0.144395
8.18667	1.79867	0.144395
8.18667	1.81883	0.144395
8.18667	1.839	0.144395
8.35333	0.850736	0.144395
8.35333	0.870904	0.144395
8.35333	0.891073	0.144395
8.35333	0.911242	0.144395
8.35333	0.93141	0.144395
8.35333	0.951579	0.144395
8.35333	0.971748	0.144395
8.35333	0.991917	0.144395
8.35333	1.01209	0.144395
8.35333	1.03225	0.144395
8.35333	1.05242	0.144395
8.35333	1.07259	0.144395
8.35333	1.09276	0.144395
8.35333	1.11293	0.144395
8.35333	1.1331	0.144395
8.35333	1.15327	0.144395
8.35333	1.17344	0.144395
8.35333	1.1936	0.144395
8.35333	1.21377	0.144395
8.35333	1.23394	0.144395
8.35333	1.25411	0.144395
8.35333	1.27428	0.144395
8.35333	1.29445	0.144395
8.35333	1.31462	0.144395
8.35333	1.33478	0.144395
8.35333	1.35495	0.144395
8.35333	1.37512	0.144395
8.35333	1.39529	0.144395
8.35333	1.41546	0.144395
8.35333	1.43563	0.144395
8.35333	1.4558	0.144395
8.35333	1.47597	0.144395
8.35333	1.49613	0.144395
8.35333	1.5163	0.144395
8.35333	1.53647	0.144395
8.35333	1.55664	0.144395
8.35333	1.57681	0.144395
8.35333	1.59698	0.144395
8.35333	1.61715	0.144395
8.35333	1.63732	0.144395
8.35333	1.65748	0.144395
8.35333	1.67765	0.144395
8.35333	1.69782	0.144395
8.35333	1.71799	0.144395
8.35333	1.73816	0.144395
8.35333	1.75833	0.144395
8.35333	1.7785	0.144395
8.35333	1.79867	0.144395
8.35333	1.81883	0.144395
8.35333	1.839	0.144395
8.52	0.850736	0.144395
8.52	0.870904	0.144395
8.52	0.891073	0.144395
8.52	0.911242	0.144395
8.52	0.93141	0.144395
8.52	0.951579	0.144395
8.52	0.971748	0.144395
8.52	0.991917	0.144395
8.52	1.01209	0.144395
8.52	1.03225	0.144395
8.52	1.05242	0.144395
8.52	1.07259	0.144395
8.52	1.09276	0.144395
8.52	1.11293	0.144395
8.52	1.1331	0.144395
8.52	1.15327	0.144395
8.52	1.17344	0.144395
8.52	1.1936	0.144395
8.52	1.21377	0.144395
8.52	1.23394	0.144395
8.52	1.25411	0.144395
8.52	1.27428	0.144395
8.52	1.29445	0.144395
8.52	1.31462	0.144395
8.52	1.33478	0.144395
8.52	1.35495	0.144395
8.52	1.37512	0.144395
8.52	1.39529	0.144395
8.52	1.41546	0.144395
8.52	1.43563	0.144395
8.52	1.4558	0.144395
8.52	1.47597	0.144395
8.52	1.49613	0.144395
8.52	1.5163	0.144395
8.52	1.53647	0.144395
8.52	1.55664	0.144395
8.52	1.57681	0.144395
8.52	1.59698	0.144395
8.52	1.61715	0.144395
8.52	1.63732	0.144395
8.52	1.65748	0.144395
8.52	1.67765	0.144395
8.52	1.69782	0.144395
8.52	1.71799	0.144395
8.52	1.73816	0.144395
8.52	1.75833	0.144395
8.52	1.7785	0.144395
8.52	1.79867	0.144395
8.52	1.81883	0.144395
8.52	1.839	0.144395
8.68667	0.850736	0.144395
8.68667	0.870904	0.144395
8.68667	0.891073	0.144395
8.68667	0.911242	0.144395
8.68667	0.93141	0.144395
8.68667	0.951579	0.144395
8.68667	0.971748	0.144395
8.68667	0.991917	0.144395
8.68667	1.01209	0.144395
8.68667	1.03225	0.144395
8.68667	1.05242	0.144395
8.68667	1.07259	0.144395
8.68667	1.09276	0.144395
8.68667	1.11293	0.144395
8.68667	1.1331	0.144395
8.68667	1.15327	0.144395
8.68667	1.17344	0.144395
8.68667	1.1936	0.144395
8.68667	1.21377	0.144395
8.68667	1.23394	0.144395
8.68667	1.25411	0.144395
8.68667	1.27428	0.144395
8.68667	1.29445	0.144395
8.68667	1.31462	0.144395
8.68667	1.33478	0.144395
8.68667	1.35495	0.144395
8.68667	1.37512	0.144395
8.68667	1.39529	0.144395
8.68667	1.41546	0.144395
8.68667	1.43563	0.144395
8.68667	1.4558	0.144395
8.68667	1.47597	0.144395
8.68667	1.49613	0.144395
8.68667	1.5163	0.144395
8.68667	1.53647	0.144395
8.68667	1.55664	0.144395
8.68667	1.57681	0.144395
8.68667	1.59698	0.144395
8.68667	1.61715	0.144395
8.68667	1.63732	0.144395
8.68667	1.65748	0.144395
8.68667	1.67765	0.144395
8.68667	1.69782	0.144395
8.68667	1.71799	0.144395
8.68667	1.73816	0.144395
8.68667	1.75833	0.144395
8.68667	1.7785	0.144395
8.68667	1.79867	0.144395
8.68667	1.81883	0.144395
8.68667	1.839	0.144395
8.85333	0.850736	0.144395
8.85333	0.870904	0.144395
8.85333	0.891073	0.144395
8.85333	0.911242	0.144395
8.85333	0.93141	0.144395
8.85333	0.951579	0.144395
8.85333	0.971748	0.144395
8.85333	0.991917	0.144395
8.85333	1.01209	0.144395
8.85333	1.03225	0.144395
8.85333	1.05242	0.144395
8.85333	1.07259	0.144395
8.85333	1.09276	0.144395
8.85333	1.11293	0.144395
8.85333	1.1331	0.144395
8.85333	1.15327	0.144395
8.85333	1.17344	0.144395
8.85333	1.1936	0.144395
8.85333	1.21377	0.144395
8.85333	1.23394	0.144395
8.85333	1.25411	0.144395
8.85333	1.27428	0.144395
8.85333	1.29445	0.144395
8.85333	1.31462	0.144395
8.85333	1.33478	0.144395
8.85333	1.35495	0.144395
8.85333	1.37512	0.144395
8.85333	1.39529	0.144395
8.85333	1.41546	0.144395
8.85333	1.43563	0.144395
8.85333	1.4558	0.144395
8.85333	1.47597	0.144395
8.85333	1.49613	0.144395
8.85333	1.5163	0.144395
8.85333	1.53647	0.144395
8.85333	1.55664	0.144395
8.85333	1.57681	0.144395
8.85333	1.59698	0.144395
8.85333	1.61715	0.144395
8.85333	1.63732	0.144395
8.85333	1.65748	0.144395
8.85333	1.67765	0.144395
8.85333	1.69782	0.144395
8.85333	1.71799	0.144395
8.85333	1.73816	0.144395
8.85333	1.75833	0.144395
8.85333	1.7785	0.144395
8.85333	1.79867	0.144395
8.85333	1.81883	0.144395
8.85333	1.839	0.144395
9.02	0.850736	0.144395
9.02	0.870904	0.144395
9.02	0.891073	0.144395
9.02	0.911242	0.144395
9.02	0.93141	0.144395
9.02	0.951579	0.144395
9.02	0.971748	0.144395
9.02	0.991917	0.144395
9.02	1.01209	0.144395
9.02	1.03225	0.144395
9.02	1.05242	0.144395
9.02	1.07259	0.144395
9.02	1.09276	0.144395
9.02	1.11293	0.144395
9.02	1.1331	0.144395
9.02	1.15327	0.144395
9.02	1.17344	0.144395
9.02	1.1936	0.144395
9.02	1.21377	0.144395
9.02	1.23394	0.144395
9.02	1.25411	0.144395
9.02	1.27428	0.144395
9.02	1.29445	0.144395
9.02	1.31462	0.144395
9.02	1.33478	0.144395
9.02	1.35495	0.144395
9.02	1.37512	0.144395
9.02	1.39529	0.144395
9.02	1.41546	0.144395
9.02	1.43563	0.144395
9.02	1.4558	0.144395
9.02	1.47597	0.144395
9.02	1.49613	0.144395
9.02	1.5163	0.144395
9.02	1.53647	0.144395
9.02	1.55664	0.144395
9.02	1.57681	0.144395
9.02	1.59698	0.144395
9.02	1.61715	0.144395
9.02	1.63732	0.144395
9.02	1.65748	0.144395
9.02	1.67765	0.144395
9.02	1.69782	0.144395
9.02	1.71799	0.144395
9.02	1.73816	0.144395
9.02	1.75833	0.144395
9.02	1.7785	0.144395
9.02	1.79867	0.144395
9.02	1.81883	0.144395
9.02	1.839	0.144395
9.18667	0.850736	0.144395
9.18667	0.870904	0.144395
9.18667	0.891073	0.144395
9.18667	0.911242	0.144395
9.18667	0.93141	0.144395
9.18667	0.951579	0.144395
9.18667	0.971748	0.144395
9.18667	0.991917	0.144395
9.18667	1.01209	0.144395
9.18667	1.03225	0.144395
9.18667	1.05242	0.144395
9.18667	1.07259	0.144395
9.18667	1.09276	0.144395
9.18667	1.11293	0.144395
9.18667	1.1331	0.144395
9.18667	1.15327	0.144395
9.18667	1.17344	0.144395
9.18667	1.1936	0.144395
9.18667	1.21377	0.144395
9.18667	1.23394	0.144395
9.18667	1.25411	0.144395
9.18667	1.27428	0.144395
9.18667	1.29445	0.144395
9.18667	1.31462	0.144395
9.18667	1.33478	0.144395
9.18667	1.35495	0.144395
9.18667	1.37512	0.144395
9.18667	1.39529	0.144395
9.18667	1.41546	0.144395
9.18667	1.43563	0.144395
9.18667	1.4558	0.144395
9.18667	1.47597	0.144395
9.18667	1.49613	0.144395
9.18667	1.5163	0.144395
9.18667	1.53647	0.144395
9.18667	1.55664	0.144395
9.18667	1.57681	0.144395
9.18667	1.59698	0.144395
9.18667	1.61715	0.144395
9.18667	1.63732	0.144395
9.18667	1.65748	0.144395
9.18667	1.67765	0.144395
9.18667	1.69782	0.144395
9.18667	1.71799	0.144395
9.18667	1.73816	0.144395
9.18667	1.75833	0.144395
9.18667	1.7785	0.144395
9.18667	1.79867	0.144395
9.18667	1.81883	0.144395
9.18667	1.839	0.144395
9.35333	0.850736	0.144395
9.35333	0.870904	0.144395
9.35333	0.891073	0.144395
9.35333	0.911242	0.144395
9.35333	0.93141	0.144395
9.35333	0.951579	0.144395
9.35333	0.971748	0.144395
9.35333	0.991917	0.144395
9.35333	1.01209	0.144395
9.35333	1.03225	0.144395
9.35333	1.05242	0.144395
9.35333	1.07259	0.144395
9.35333	1.09276	0.144395
9.35333	1.11293	0.144395
9.35333	1.1331	0.144395
9.35333	1.15327	0.144395
9.35333	1.17344	0.144395
9.35333	1.1936	0.144395
9.35333	1.21377	0.144395
9.35333	1.23394	0.144395
9.35333	1.25411	0.144395
9.35333	1.27428	0.144395
9.35333	1.29445	0.144395
9.35333	1.31462	0.144395
9.35333	1.33478	0.144395
9.35333	1.35495	0.144395
9.35333	1.37512	0.144395
9.35333	1.39529	0.144395
9.35333	1.41546	0.144395
9.35333	1.43563	0.144395
9.35333	1.4558	0.144395
9.35333	1.47597	0.144395
9.35333	1.49613	0.144395
9.35333	1.5163	0.144395
9.35333	1.53647	0.144395
9.35333	1.55664	0.144395
9.35333	1.57681	0.144395
9.35333	1.59698	0.144395
9.35333	1.61715	0.144395
9.35333	1.63732	0.144395
9.35333	1.65748	0.144395
9.35333	1.67765	0.144395
9.35333	1.69782	0.144395
9.35333	1.71799	0.144395
9.35333	1.73816	0.144395
9.35333	1.75833	0.144395
9.35333	1.7785	0.144395
9.35333	1.79867	0.144395
9.35333	1.81883	0.144395
9.35333	1.839	0.144395
9.52	0.850736	0.144395
9.52	0.870904	0.144395
9.52	0.891073	0.144395
9.52	0.911242	0.144395
9.52	0.93141	0.144395
9.52	0.951579	0.144395
9.52	0.971748	0.144395
9.52	0.991917	0.144395
9.52	1.01209	0.144395
9.52	1.03225	0.144395
9.52	1.05242	0.144395
9.52	1.07259	0.144395
9.52	1.09276	0.144395
9.52	1.11293	0.144395
9.52	1.1331	0.144395
9.52	1.15327	0.144395
9.52	1.17344	0.144395
9.52	1.1936	0.144395
9.52	1.21377	0.144395
9.52	1.23394	0.144395
9.52	1.25411	0.144395
9.52	1.27428	0.144395
9.52	1.29445	0.144395
9.52	1.31462	0.144395
9.52	1.33478	0.144395
9.52	1.35495	0.144395
9.52	1.37512	0.144395
9.52	1.39529	0.144395
9.52	1.41546	0.144395
9.52	1.43563	0.144395
9.52	1.4558	0.144395
9.52	1.47597	0.144395
9.52	1.49613	0.144395
9.52	1.5163	0.144395
9.52	1.53647	0.144395
9.52	1.55664	0.144395
9.52	1.57681	0.144395
9.52	1.59698	0.144395
9.52	1.61715	0.144395
9.52	1.63732	0.144395
9.52	1.65748	0.144395
9.52	1.67765	0.144395
9.52	1.69782	0.144395
9.52	1.71799	0.144395
9.52	1.73816	0.144395
9.52	1.75833	0.144395
9.52	1.7785	0.144395
9.52	1.79867	0.144395
9.52	1.81883	0.144395
9.52	1.839	0.144395
9.68667	0.850736	0.144395
9.68667	0.870904	0.144395
9.68667	0.891073	0.144395
9.68667	0.911242	0.144395
9.68667	0.93141	0.144395
9.68667	0.951579	0.144395
9.68667	0.971748	0.144395
9.68667	0.991917	0.144395
9.68667	1.01209	0.144395
9.68667	1.03225	0.144395
9.68667	1.05242	0.144395
9.68667	1.07259	0.144395
9.68667	1.09276	0.144395
9.68667	1.11293	0.144395
9.68667	1.1331	0.144395
9.68667	1.15327	0.144395
9.68667	1.17344	0.144395
9.68667	1.1936	0.144395
9.68667	1.21377	0.144395
9.68667	1.23394	0.144395
9.68667	1.25411	0.144395
9.68667	1.27428	0.144395
9.68667	1.29445	0.144395
9.68667	1.31462	0.144395
9.68667	1.33478	0.144395
9.68667	1.35495	0.144395
9.68667	1.37512	0.144395
9.68667	1.39529	0.144395
9.68667	1.41546	0.144395
9.68667	1.43563	0.144395
9.68667	1.4558	0.144395
9.68667	1.47597	0.144395
9.68667	1.49613	0.144395
9.68667	1.5163	0.144395
9.68667	1.53647	0.144395
9.68667	1.55664	0.144395
9.68667	1.57681	0.144395
9.68667	1.59698	0.144395
9.68667	1.61715	0.144395
9.68667	1.63732	0.144395
9.68667	1.65748	0.144395
9.68667	1.67765	0.144395
9.68667	1.69782	0.144395
9.68667	1.71799	0.144395
9.68667	1.73816	0.144395
9.68667	1.75833	0.144395
9.68667	1.7785	0.144395
9.68667	1.79867	0.144395
9.68667	1.81883	0.144395
9.68667	1.839	0.144395
9.85333	0.850736	0.144395
9.85333	0.870904	0.144395
9.85333	0.891073	0.144395
9.85333	0.911242	0.144395
9.85333	0.93141	0.144395
9.85333	0.951579	0.144395
9.85333	0.971748	0.144395
9.85333	0.991917	0.144395
9.85333	1.01209	0.144395
9.85333	1.03225	0.144395
9.85333	1.05242	0.144395
9.85333	1.07259	0.144395
9.85333	1.09276	0.144395
9.85333	1.11293	0.144395
9.85333	1.1331	0.144395
9.85333	1.15327	0.144395
9.85333	1.17344	0.144395
9.85333	1.1936	0.144395
9.85333	1.21377	0.144395
9.85333	1.23394	0.144395
9.85333	1.25411	0.144395
9.85333	1.27428	0.144395
9.85333	1.29445	0.144395
9.85333	1.31462	0.144395
9.85333	1.33478	0.144395
9.85333	1.35495	0.144395
9.85333	1.37512	0.144395
9.85333	1.39529	0.144395
9.85333	1.41546	0.144395
9.85333	1.43563	0.144395
9.85333	1.4558	0.144395
9.85333	1.47597	0.144395
9.85333	1.49613	0.144395
9.85333	1.5163	0.144395
9.85333	1.53647	0.144395
9.85333	1.55664	0.144395
9.85333	1.57681	0.144395
9.85333	1.59698	0.144395
9.85333	1.61715	0.144395
9.85333	1.63732	0.144395
9.85333	1.65748	0.144395
9.85333	1.67765	0.144395
9.85333	1.69782	0.144395
9.85333	1.71799	0.144395
9.85333	1.73816	0.144395
9.85333	1.75833	0.144395
9.85333	1.7785	0.144395
9.85333	1.79867	0.144395
9.85333	1.81883	0.144395
9.85333	1.839	0.144395